Environment:
	Python: 3.8.10
	PyTorch: 1.10.0+cu113
	Torchvision: 0.11.1+cu113
	CUDA: 11.3
	CUDNN: 8200
	NumPy: 1.21.4
	PIL: 8.4.0
Args:
	algorithm: KL_GP
	checkpoint_freq: None
	data_dir: /root/data
	dataset: RotatedMNIST
	epochs: None
	holdout_fraction: 0.2
	hparams: None
	hparams_seed: 6
	output_dir: ./results_sweep_kl_gp_1/bc6c6ce55b4853b9fe48cd6288d4484e
	save_model_every_checkpoint: False
	seed: 1599978052
	skip_model_save: False
	steps: None
	task: domain_adaptation
	test_envs: [4]
	train_envs: [0]
	trial_seed: 1
	uda_holdout_fraction: 0
HParams:
	augment_softmax: 0.0
	batch_size: 64
	class_balanced: False
	data_augmentation: True
	grad_penalty: 0.5647728956784629
	kl_reg: 0.22323156567866778
	kl_reg_aux: 0.038888464220783646
	lr: 0.0001875488315021176
	nonlinear_classifier: True
	num_samples: 20
	resnet18: True
	resnet_dropout: 0.0
	specify_zdim: False
	weight_decay: 0.0
	z_dim: 256
cuda
/root/miniconda3/lib/python3.8/site-packages/torchvision/transforms/functional.py:984: UserWarning: Argument resample is deprecated and will be removed since v0.10.0. Please, use interpolation instead
  warnings.warn(
env0_out_acc  env4_in_acc   env4_out_acc  epoch         kl            kl_aux        loss          penalty       step          step_time    
0.0895842263  0.0932176149  0.0861551650  0.0000000000  1.1944739819  1.2516160011  2.3032591343  86.449333190  0             0.1322743893 
0.0994427775  0.1087538841  0.1003000429  1.0000000000  0.1181182535  0.1300675395  2.3054079405  2.7782685632  146           0.0365888468 
0.1174453493  0.1127183114  0.1075867981  2.0000000000  0.0316441843  0.0257877993  2.3000815878  0.3571699556  292           0.0363925303 
0.1174453493  0.1127183114  0.1075867981  3.0000000000  0.0243090783  0.0238285195  2.3007672143  0.2154425763  438           0.0362736330 
0.1174453493  0.1127183114  0.1075867981  4.0000000000  0.0191168001  0.0197105996  2.3004070798  0.1473377063  584           0.0363392601 
0.1174453493  0.1127183114  0.1075867981  5.0000000000  0.0119126431  0.0129624458  2.3001708641  0.1055006487  730           0.0378826661 
0.1174453493  0.1127183114  0.1075867981  6.0000000000  0.0140418876  0.0108069737  2.3005354388  0.0865903382  876           0.0379558361 
0.1174453493  0.1127183114  0.1075867981  7.0000000000  0.0154621634  0.0119381653  2.3013029115  0.0707477839  1022          0.0380961911 
0.1174453493  0.1127183114  0.1075867981  8.0000000000  0.0105933898  0.0108397464  2.3012128954  0.0617463191  1168          0.0380517914 
0.1174453493  0.1127183114  0.1075867981  9.0000000000  0.0095035720  0.0076059642  2.3012301971  0.0520562631  1314          0.0375464910 
0.1174453493  0.1127183114  0.1075867981  10.000000000  0.0075762174  0.0081130903  2.3013095268  0.0468769840  1460          0.0378936725 
0.1174453493  0.1127183114  0.1075867981  11.000000000  0.0064963364  0.0067737184  2.3004564945  0.0417598734  1606          0.0376095608 
0.1174453493  0.1127183114  0.1075867981  12.000000000  0.0059048754  0.0055653755  2.3005250023  0.0358018403  1752          0.0407877360 
0.1174453493  0.1127183114  0.1075867981  13.000000000  0.0065211058  0.0098068943  2.3008741222  0.0344795860  1898          0.0376003425 
0.1174453493  0.1127183114  0.1075867981  14.000000000  0.0044050200  0.0056495585  2.3015995989  0.0298519742  2044          0.0373703715 
0.0985855122  0.1085395907  0.1007286755  15.000000000  0.0037459674  0.0029897380  2.2994541191  0.0282377294  2190          0.0374270694 
0.0998714102  0.1026465231  0.1131590227  16.000000000  0.0024455182  0.0023422160  2.3019450380  0.0268914390  2336          0.0373793857 
0.1174453493  0.1127183114  0.1075867981  17.000000000  0.0028502353  0.0017091689  2.3015332336  0.0243793500  2482          0.0370117573 
0.1174453493  0.1127183114  0.1075867981  18.000000000  0.0015354810  0.0012159968  2.3014053841  0.0231141701  2628          0.0376455082 
0.1174453493  0.1127183114  0.1075867981  19.000000000  0.0015381722  0.0018720072  2.3017679551  0.0223864102  2774          0.0374762718 
0.1174453493  0.1127183114  0.1075867981  20.000000000  0.0010498909  0.0026169329  2.3018149203  0.0218295897  2920          0.0374202108 
0.1174453493  0.1127183114  0.1075867981  21.000000000  0.0007788874  0.0009628485  2.3009258002  0.0195231896  3066          0.0376865700 
0.1174453493  0.1127183114  0.1075867981  22.000000000  0.0006221712  0.0005965004  2.3009879834  0.0193771573  3212          0.0373035571 
0.0968709816  0.0972891889  0.0968709816  23.000000000  0.0004055206  0.0002529148  2.3012963893  0.0190996344  3358          0.0373548922 
0.1174453493  0.1127183114  0.1075867981  24.000000000  0.0001438268  -0.000029118  2.3019225859  0.0184164609  3504          0.0375633452 
0.1174453493  0.1127183114  0.1075867981  25.000000000  0.0003616761  0.0005150266  2.3001517433  0.0176556941  3650          0.0376782352 
0.1174453493  0.1127183114  0.1075867981  26.000000000  0.0000749288  0.0003993740  2.3031484721  0.0173567112  3796          0.0376123451 
0.1174453493  0.1127183114  0.1075867981  27.000000000  0.0003321677  0.0000172576  2.3006846268  0.0168304117  3942          0.0376356432 
0.1174453493  0.1127183114  0.1075867981  28.000000000  -0.000050459  0.0002398328  2.3026347258  0.0164043488  4088          0.0375753919 
0.1174453493  0.1127183114  0.1075867981  29.000000000  0.0001379415  0.0001531202  2.3016459289  0.0159990910  4234          0.0375166054 
0.1174453493  0.1127183114  0.1075867981  30.000000000  0.0001898090  0.0001389670  2.3018022204  0.0167256784  4380          0.0373107554 
0.0968709816  0.0972891889  0.0968709816  31.000000000  0.0000427537  0.0002398524  2.3024317941  0.0160273004  4526          0.0371580499 
0.1174453493  0.1127183114  0.1075867981  32.000000000  0.0000925080  0.0000033199  2.3003970270  0.0154478577  4672          0.0373877663 
0.0985855122  0.1085395907  0.1007286755  33.000000000  0.0000372554  -0.000194196  2.3022148560  0.0163708353  4818          0.0370466268 
0.0985855122  0.1085395907  0.1007286755  34.000000000  0.0000120026  0.0001109643  2.3019641654  0.0159871272  4964          0.0372429825 
0.1174453493  0.1127183114  0.1075867981  35.000000000  0.0001050185  0.0000174405  2.3007774647  0.0147297669  5110          0.0374709498 
0.1174453493  0.1127183114  0.1075867981  36.000000000  0.0000589906  0.0001765343  2.3008647912  0.0152481099  5256          0.0372195456 
0.1174453493  0.1127183114  0.1075867981  37.000000000  -0.000069979  0.0001396937  2.3016497191  0.0156054116  5402          0.0372963001 
0.1174453493  0.1127183114  0.1075867981  38.000000000  0.0000485868  0.0000124353  2.3024958013  0.0158909703  5548          0.0369853222 
0.1174453493  0.1127183114  0.1075867981  39.000000000  -0.000050709  0.0000596928  2.3013256086  0.0148987656  5694          0.0371284191 
0.1174453493  0.1127183114  0.1075867981  40.000000000  0.0000667931  0.0000209939  2.3013376047  0.0151879905  5840          0.0375578501 
0.1174453493  0.1127183114  0.1075867981  41.000000000  0.0000612376  0.0000791452  2.3027450614  0.0159527736  5986          0.0370522052 
0.0985855122  0.1085395907  0.1007286755  42.000000000  0.0000325082  -0.000043599  2.3006294982  0.0158924294  6132          0.0372688705 
0.1174453493  0.1127183114  0.1075867981  43.000000000  -0.000074091  0.0000335092  2.3026167154  0.0163092237  6278          0.0375941290 
0.1174453493  0.1127183114  0.1075867981  44.000000000  0.0001041579  0.0000552951  2.3003757718  0.0157420296  6424          0.0375859394 
0.1174453493  0.1127183114  0.1075867981  45.000000000  0.0000054248  -0.000014832  2.3020398013  0.0152202520  6570          0.0373434384 
0.1174453493  0.1127183114  0.1075867981  46.000000000  0.0001013165  0.0000294398  2.3026622713  0.0156662526  6716          0.0372638212 
0.1174453493  0.1127183114  0.1075867981  47.000000000  0.0000343143  0.0000005618  2.3006923770  0.0151965966  6862          0.0373311239 
0.1174453493  0.1127183114  0.1075867981  48.000000000  0.0000417053  -0.000022071  2.3024414321  0.0142973121  7008          0.0373035049 
Traceback (most recent call last):
  File "/root/miniconda3/lib/python3.8/runpy.py", line 194, in _run_module_as_main
    return _run_code(code, main_globals, None,
  File "/root/miniconda3/lib/python3.8/runpy.py", line 87, in _run_code
    exec(code, run_globals)
  File "/root/kl/scripts/train.py", line 236, in <module>
    step_vals = algorithm.update(minibatches_device, uda_device)
  File "/root/kl/algorithms.py", line 265, in update
    z_dist = dist.Independent(dist.normal.Normal(z_mu,z_sigma),1)
  File "/root/miniconda3/lib/python3.8/site-packages/torch/distributions/normal.py", line 50, in __init__
    super(Normal, self).__init__(batch_shape, validate_args=validate_args)
  File "/root/miniconda3/lib/python3.8/site-packages/torch/distributions/distribution.py", line 55, in __init__
    raise ValueError(
ValueError: Expected parameter loc (Tensor of shape (64, 256)) of distribution Normal(loc: torch.Size([64, 256]), scale: torch.Size([64, 256])) to satisfy the constraint Real(), but found invalid values:
tensor([[nan, nan, nan,  ..., nan, nan, nan],
        [nan, nan, nan,  ..., nan, nan, nan],
        [nan, nan, nan,  ..., nan, nan, nan],
        ...,
        [nan, nan, nan,  ..., nan, nan, nan],
        [nan, nan, nan,  ..., nan, nan, nan],
        [nan, nan, nan,  ..., nan, nan, nan]], device='cuda:0',
       grad_fn=<SliceBackward0>)
