Environment:
	Python: 3.8.10
	PyTorch: 1.10.0+cu113
	Torchvision: 0.11.1+cu113
	CUDA: 11.3
	CUDNN: 8200
	NumPy: 1.21.4
	PIL: 8.4.0
Args:
	algorithm: KL_GP
	checkpoint_freq: None
	data_dir: /root/data
	dataset: RotatedMNIST
	epochs: None
	holdout_fraction: 0.2
	hparams: None
	hparams_seed: 19
	output_dir: ./results_sweep_kl_gp_1/b3bd8dd9fff6795ab31cb1f61bed5fa7
	save_model_every_checkpoint: False
	seed: 1715227874
	skip_model_save: False
	steps: None
	task: domain_adaptation
	test_envs: [4]
	train_envs: [0]
	trial_seed: 1
	uda_holdout_fraction: 0
HParams:
	augment_softmax: 0.05
	batch_size: 64
	class_balanced: False
	data_augmentation: True
	grad_penalty: 2.0905676672943563
	kl_reg: 0.6141644958263719
	kl_reg_aux: 0.11312675119869514
	lr: 0.0002939271675355117
	nonlinear_classifier: True
	num_samples: 20
	resnet18: True
	resnet_dropout: 0.5
	specify_zdim: True
	weight_decay: 0.0
	z_dim: 128
cuda
/root/miniconda3/lib/python3.8/site-packages/torchvision/transforms/functional.py:984: UserWarning: Argument resample is deprecated and will be removed since v0.10.0. Please, use interpolation instead
  warnings.warn(
env0_out_acc  env4_in_acc   env4_out_acc  epoch         kl            kl_aux        loss          penalty       step          step_time    
0.0895842263  0.0954676953  0.0985855122  0.0000000000  0.4930384159  0.2851598263  2.3284332752  175.41419982  0             0.1396722794 
0.0908701243  0.1147540984  0.1088726961  1.0000000000  0.0113752574  0.0177068653  2.3068280628  2.5596347446  146           0.0276691293 
0.0908701243  0.1147540984  0.1088726961  2.0000000000  0.0024356589  0.0032515746  2.3007707890  0.1781846522  292           0.0279205237 
0.0908701243  0.1147540984  0.1088726961  3.0000000000  0.0010875137  0.0013582037  2.3003602289  0.1046455586  438           0.0280057616 
0.0908701243  0.1147540984  0.1088726961  4.0000000000  0.0012505520  0.0006566791  2.3017550168  0.0747900794  584           0.0279342834 
0.0908701243  0.1147540984  0.1088726961  5.0000000000  0.0010697442  0.0005832208  2.3013469356  0.0631843942  730           0.0276790237 
0.0908701243  0.1147540984  0.1088726961  6.0000000000  0.0007634049  0.0001424502  2.3005044673  0.0443022747  876           0.0278559090 
0.0908701243  0.1147540984  0.1088726961  7.0000000000  0.0004261299  0.0004867789  2.3011912254  0.0364195213  1022          0.0277349769 
0.1110158594  0.0966463088  0.1084440634  8.0000000000  0.0005705944  0.0008704581  2.3011146784  0.0327134096  1168          0.0274912021 
0.0925846550  0.1006107361  0.0964423489  9.0000000000  -0.000326017  0.0005053388  2.2996175975  0.0290483763  1314          0.0277271107 
0.1110158594  0.0966463088  0.1075867981  10.000000000  -0.000018818  0.0005233892  2.3019782027  0.0235370207  1460          0.0277967045 
0.0908701243  0.1147540984  0.1088726961  11.000000000  0.0004403403  0.0003881054  2.3016525768  0.0213580676  1606          0.0278941997 
0.0908701243  0.1147540984  0.1088726961  12.000000000  0.0002263735  0.0000614899  2.3014802051  0.0194076325  1752          0.0277116952 
0.1110158594  0.0966463088  0.1075867981  13.000000000  0.0001563854  0.0001019468  2.3014415405  0.0183019927  1898          0.0276649733 
0.0925846550  0.1006107361  0.0964423489  14.000000000  0.0000953780  -0.000165562  2.3016946348  0.0169046159  2044          0.0276554251 
0.0908701243  0.1147540984  0.1088726961  15.000000000  0.0001729106  0.0000704094  2.3021521111  0.0144013865  2190          0.0278846189 
0.1050150021  0.0987892425  0.0870124303  16.000000000  -0.000118546  -0.000027989  2.3015093526  0.0129757469  2336          0.0275688678 
0.0908701243  0.1147540984  0.1088726961  17.000000000  0.0000135490  0.0001798133  2.3018881164  0.0121154469  2482          0.0275573486 
0.0908701243  0.1147540984  0.1088726961  18.000000000  0.0000336766  0.0000054175  2.3019238825  0.0100452906  2628          0.0275618491 
0.0908701243  0.1147540984  0.1088726961  19.000000000  -0.000033136  -0.000093324  2.3015021837  0.0098301751  2774          0.0318695633 
0.0925846550  0.1006107361  0.0964423489  20.000000000  0.0000142471  -0.000029838  2.3021520882  0.0086170074  2920          0.0273330342 
0.1110158594  0.0966463088  0.1075867981  21.000000000  -0.000063826  0.0001336646  2.3008168348  0.0090785757  3066          0.0274535614 
0.0925846550  0.1006107361  0.0964423489  22.000000000  0.0000808598  -0.000043224  2.3021311989  0.0086866508  3212          0.0276061688 
0.0908701243  0.1147540984  0.1088726961  23.000000000  0.0000281432  -0.000017657  2.3019125543  0.0080219269  3358          0.0274977210 
0.0908701243  0.1147540984  0.1088726961  24.000000000  -0.000056988  0.0000533617  2.3011853074  0.0082354785  3504          0.0277534511 
0.0908701243  0.1147540984  0.1088726961  25.000000000  0.0000685943  -0.000129643  2.3019259564  0.0070712723  3650          0.0277095886 
0.1050150021  0.0987892425  0.0870124303  26.000000000  0.0000395816  -0.000025385  2.3020854437  0.0063776753  3796          0.0278548688 
0.0908701243  0.1147540984  0.1088726961  27.000000000  0.0000065214  0.0000570261  2.2986155814  0.0063932907  3942          0.0286853379 
0.0908701243  0.1147540984  0.1088726961  28.000000000  0.0000575985  -0.000026106  2.3020640236  0.0066042760  4088          0.0276014462 
0.1037291042  0.1093967642  0.1033004715  29.000000000  0.0000377706  -0.000059792  2.3011624846  0.0063433347  4234          0.0277401976 
0.0908701243  0.1147540984  0.1088726961  30.000000000  0.0000438388  0.0000684474  2.3029330463  0.0059002587  4380          0.0275634625 
0.0981568796  0.1018964963  0.0994427775  31.000000000  0.0000574417  -0.000015391  2.3024856489  0.0060393851  4526          0.0276944294 
0.1110158594  0.0966463088  0.1075867981  32.000000000  0.0000516952  -0.000000326  2.3012552572  0.0061155452  4672          0.0277522100 
0.1110158594  0.0966463088  0.1075867981  33.000000000  0.0000239031  -0.000051105  2.2996751299  0.0053401012  4818          0.0277672810 
0.0925846550  0.1006107361  0.0964423489  34.000000000  -0.000014096  0.0000318036  2.3016261548  0.0049868738  4964          0.0276659221 
0.0925846550  0.1006107361  0.0964423489  35.000000000  0.0000251066  0.0000639550  2.3020942799  0.0053731090  5110          0.0277271973 
0.0895842263  0.0954676953  0.0985855122  36.000000000  0.0000043626  0.0000315276  2.3026418245  0.0053629400  5256          0.0277474074 
0.1037291042  0.1093967642  0.1033004715  37.000000000  -0.000007087  -0.000006160  2.3024712246  0.0049733544  5402          0.0276035430 
0.0908701243  0.1147540984  0.1088726961  38.000000000  -0.000026638  0.0000390174  2.3013726897  0.0048166434  5548          0.0279566833 
0.0925846550  0.1006107361  0.0964423489  39.000000000  -0.000047432  0.0000480373  2.3024661835  0.0049014500  5694          0.0280020286 
0.0908701243  0.1147540984  0.1088726961  40.000000000  0.0000201937  0.0000233348  2.3018292711  0.0044101363  5840          0.0280604411 
0.0908701243  0.1147540984  0.1088726961  41.000000000  0.0000375191  0.0000078850  2.3027039783  0.0047573252  5986          0.0282026268 
0.0908701243  0.1147540984  0.1088726961  42.000000000  0.0000181729  0.0000106064  2.3011548242  0.0045272330  6132          0.0277781291 
0.0925846550  0.1006107361  0.0964423489  43.000000000  -0.000019947  0.0000102749  2.3006592842  0.0045211378  6278          0.0275169774 
0.0908701243  0.1147540984  0.1088726961  44.000000000  -0.000019661  0.0000263820  2.3018216450  0.0043093243  6424          0.0275439155 
0.0908701243  0.1147540984  0.1088726961  45.000000000  -0.000003295  -0.000011706  2.3015636222  0.0044636755  6570          0.0276276265 
0.0908701243  0.1147540984  0.1088726961  46.000000000  0.0000244052  0.0000044557  2.3016369163  0.0041460126  6716          0.0323435003 
0.1110158594  0.0966463088  0.1075867981  47.000000000  -0.000028527  -0.000008232  2.3011470168  0.0040241133  6862          0.0274207282 
0.0908701243  0.1147540984  0.1088726961  48.000000000  0.0000057408  -0.000003598  2.3019972827  0.0044448058  7008          0.0273976685 
0.0968709816  0.0922532948  0.1028718388  49.000000000  0.0000129195  -0.000002033  2.3025514181  0.0041330679  7154          0.0276785811 
0.0908701243  0.1147540984  0.1088726961  50.000000000  -0.000007382  0.0000084688  2.3014694616  0.0038088034  7300          0.0274130841 
0.0908701243  0.1147540984  0.1088726961  51.000000000  0.0000183321  0.0000209245  2.3023472975  0.0041101762  7446          0.0274708157 
0.0908701243  0.1147540984  0.1088726961  52.000000000  -0.000006848  -0.000002008  2.3021108337  0.0037670212  7592          0.0280205011 
0.0908701243  0.1147540984  0.1088726961  53.000000000  -0.000003929  -0.000007050  2.3007401734  0.0037448357  7738          0.0276900693 
0.1110158594  0.0966463088  0.1075867981  54.000000000  -0.000008252  0.0000127423  2.3018674328  0.0042372510  7884          0.0275871639 
0.0908701243  0.1147540984  0.1088726961  55.000000000  0.0000194973  0.0000044965  2.3012831227  0.0043201786  8030          0.0276243148 
0.0908701243  0.1147540984  0.1088726961  56.000000000  0.0000059017  -0.000008067  2.3027560254  0.0041949535  8176          0.0280527432 
0.0908701243  0.1147540984  0.1088726961  57.000000000  -0.000011279  -0.000003902  2.3026090648  0.0038112061  8322          0.0276436904 
0.1110158594  0.0966463088  0.1075867981  58.000000000  0.0000062560  0.0000222244  2.3019452569  0.0038999297  8468          0.0276190696 
0.0908701243  0.1147540984  0.1088726961  59.000000000  -0.000005466  0.0000055808  2.3015225440  0.0047253668  8614          0.0277322547 
0.0981568796  0.1018964963  0.0994427775  60.000000000  0.0000061425  0.0000055596  2.3024482727  0.0061088135  8760          0.0279519689 
0.1110158594  0.0966463088  0.1075867981  61.000000000  0.0000102536  0.0000037461  2.3014862929  0.0044300070  8906          0.0277742768 
0.0908701243  0.1147540984  0.1088726961  62.000000000  0.0000071648  -0.000008025  2.3024919458  0.0047122701  9052          0.0276431156 
0.0908701243  0.1147540984  0.1088726961  63.000000000  -0.000010524  0.0000061809  2.3013671098  0.0037522331  9198          0.0282415152 
0.1110158594  0.0966463088  0.1075867981  64.000000000  -0.000016934  0.0000157070  2.3018341064  0.0035574313  9344          0.0284530071 
0.1110158594  0.0966463088  0.1075867981  65.000000000  -0.000014217  0.0000065157  2.3026250976  0.0038708447  9490          0.0282928797 
0.1050150021  0.0987892425  0.0870124303  66.000000000  0.0000058249  0.0000167497  2.3031976223  0.0036200070  9636          0.0282300678 
0.0908701243  0.1147540984  0.1088726961  67.000000000  0.0000145942  0.0000145435  2.3014814347  0.0038489391  9782          0.0281848581 
0.0908701243  0.1147540984  0.1088726961  68.000000000  0.0000192066  0.0000032897  2.3023080124  0.0037931781  9928          0.0286456608 
0.0908701243  0.1147540984  0.1088726961  69.000000000  0.0000024960  0.0000132641  2.3013794520  0.0037480220  10074         0.0279201155 
0.0968709816  0.0922532948  0.1028718388  70.000000000  -0.000015467  -0.000003376  2.3013355193  0.0041135871  10220         0.0276647708 
0.0908701243  0.1147540984  0.1088726961  71.000000000  0.0000187575  -0.000002185  2.3015016497  0.0035547102  10366         0.0278845797 
0.0908701243  0.1147540984  0.1088726961  72.000000000  0.0000093253  0.0000028537  2.3019413719  0.0035937401  10512         0.0275916841 
0.1050150021  0.0987892425  0.0870124303  73.000000000  0.0000144505  0.0000008092  2.3019649150  0.0037938240  10658         0.0277438572 
0.1110158594  0.0966463088  0.1075867981  74.000000000  0.0000120181  -0.000006010  2.3025799565  0.0035369941  10804         0.0277406255 
0.1054436348  0.0994321226  0.0964423489  75.000000000  -0.000015072  0.0000022421  2.3026311365  0.0035146246  10950         0.0329614453 
0.0908701243  0.1147540984  0.1088726961  76.000000000  -0.000007328  0.0000043307  2.3018936539  0.0035740120  11096         0.0282517100 
0.1054436348  0.0994321226  0.0964423489  77.000000000  0.0000016975  0.0000084573  2.3027650853  0.0037229770  11242         0.0276593688 
0.0925846550  0.1006107361  0.0964423489  78.000000000  -0.000005509  0.0000022674  2.3017286079  0.0037217814  11388         0.0286561120 
0.1110158594  0.0966463088  0.1075867981  79.000000000  -0.000009955  0.0000008777  2.3020032465  0.0037763911  11534         0.0285317228 
0.0925846550  0.1006107361  0.0964423489  80.000000000  -0.000008645  0.0000073934  2.3010422498  0.0036844341  11680         0.0284503192 
0.0968709816  0.0922532948  0.1028718388  81.000000000  0.0000039282  0.0000017024  2.3030345391  0.0037184498  11826         0.0285071053 
0.0925846550  0.1006107361  0.0964423489  82.000000000  0.0000015089  0.0000027549  2.3007065711  0.0033962126  11972         0.0286517878 
0.0908701243  0.1147540984  0.1088726961  83.000000000  -0.000000616  -0.000000560  2.3022648455  0.0037391405  12118         0.0286473493 
0.0908701243  0.1147540984  0.1088726961  84.000000000  -0.000010294  -0.000007277  2.3008855810  0.0037551130  12264         0.0288454147 
0.1110158594  0.0966463088  0.1075867981  85.000000000  -0.000003331  -0.000028424  2.3003442271  0.0035304880  12410         0.0289821168 
0.1050150021  0.0987892425  0.0870124303  86.000000000  0.0000105615  0.0000087447  2.3026504108  0.0033938807  12556         0.0290172247 
0.0925846550  0.1006107361  0.0964423489  87.000000000  0.0000032913  0.0000004270  2.3022450846  0.0035947962  12702         0.0288708749 
0.0908701243  0.1147540984  0.1088726961  88.000000000  0.0000034783  -0.000000359  2.3014577611  0.0033765782  12848         0.0289927117 
0.1110158594  0.0966463088  0.1075867981  89.000000000  -0.000009685  -0.000009775  2.2990979120  0.0035069912  12994         0.0287267084 
0.0908701243  0.1147540984  0.1088726961  90.000000000  0.0000039151  -0.000011946  2.3020928870  0.0037414304  13140         0.0289023184 
0.0908701243  0.1147540984  0.1088726961  91.000000000  0.0000141565  -0.000007907  2.3023161431  0.0036928519  13286         0.0286312120 
0.0908701243  0.1147540984  0.1088726961  92.000000000  -0.000005108  0.0000012468  2.3020282363  0.0034797195  13432         0.0284601515 
0.1110158594  0.0966463088  0.1075867981  93.000000000  -0.000004794  0.0000096788  2.3005704472  0.0036892455  13578         0.0285791698 
0.0908701243  0.1147540984  0.1088726961  94.000000000  0.0000056559  -0.000001262  2.3023352002  0.0036210305  13724         0.0288221607 
0.1110158594  0.0966463088  0.1075867981  95.000000000  -0.000001753  0.0000023540  2.3024015655  0.0036941729  13870         0.0286527562 
0.1110158594  0.0966463088  0.1075867981  96.000000000  -0.000007520  -0.000007635  2.3033271179  0.0033466570  14016         0.0285159398 
0.0908701243  0.1147540984  0.1088726961  97.000000000  -0.000013705  0.0000099303  2.3009539222  0.0036046486  14162         0.0288556096 
0.0908701243  0.1147540984  0.1088726961  98.000000000  0.0000104994  -0.000003944  2.3017780487  0.0037564960  14308         0.0287660066 
0.0908701243  0.1147540984  0.1088726961  99.000000000  0.0000102324  -0.000001245  2.3012463638  0.0033971450  14454         0.0286976295 
0.1110158594  0.0966463088  0.1075867981  99.993150684  -0.000013499  -0.000007876  2.3036365525  0.0034745587  14599         0.0288426679 
