Environment:
	Python: 3.8.10
	PyTorch: 1.10.0+cu113
	Torchvision: 0.11.1+cu113
	CUDA: 11.3
	CUDNN: 8200
	NumPy: 1.21.4
	PIL: 8.4.0
Args:
	algorithm: KL_GP
	checkpoint_freq: None
	data_dir: /root/data
	dataset: RotatedMNIST
	epochs: None
	holdout_fraction: 0.2
	hparams: None
	hparams_seed: 19
	output_dir: ./results_sweep_kl_gp_1/a6ae1955806036d620ea27cb2530303e
	save_model_every_checkpoint: False
	seed: 367386328
	skip_model_save: False
	steps: None
	task: domain_adaptation
	test_envs: [3]
	train_envs: [0]
	trial_seed: 2
	uda_holdout_fraction: 0
HParams:
	augment_softmax: 0.05
	batch_size: 256
	class_balanced: False
	data_augmentation: True
	grad_penalty: 0.5697662194301112
	kl_reg: 0.08031713756746546
	kl_reg_aux: 0.30416989945514644
	lr: 0.00015242216222304298
	nonlinear_classifier: False
	num_samples: 20
	resnet18: True
	resnet_dropout: 0.1
	specify_zdim: False
	weight_decay: 0.0
	z_dim: 256
cuda
/root/miniconda3/lib/python3.8/site-packages/torchvision/transforms/functional.py:984: UserWarning: Argument resample is deprecated and will be removed since v0.10.0. Please, use interpolation instead
  warnings.warn(
env0_out_acc  env3_in_acc   env3_out_acc  epoch         kl            kl_aux        loss          penalty       step          step_time    
0.0840120017  0.1016713092  0.0964423489  0.0000000000  0.4441959262  0.3941931725  2.3173770905  17.612333297  0             0.2549266815 
0.1041577368  0.1055281766  0.1028718388  1.0000000000  0.1039703720  0.0949486030  2.3315998581  2.5996592012  36            0.1868810124 
0.0994427775  0.0932076280  0.0895842263  2.0000000000  0.0159623143  0.0140291469  2.3319990701  0.6357952687  72            0.1871922678 
0.1195885126  0.1105635312  0.1093013288  3.0000000000  0.0147022870  0.0121734440  2.3266741435  0.4501125067  108           0.1877004902 
0.1135876554  0.1095993143  0.1101585941  4.0000000000  0.0127856417  0.0114025325  2.3242569764  0.4045706987  144           0.1870327791 
0.1225889413  0.1147418042  0.1195885126  5.0000000000  0.0124227636  0.0127763185  2.3217364020  0.3517358469  180           0.1842168570 
0.1105872267  0.1155988858  0.1028718388  6.0000000000  0.0110119101  0.0122807142  2.3160272506  0.3287831810  216           0.1831359996 
0.1247321046  0.1203128348  0.1114444921  7.0000000000  0.0070515722  0.0082713432  2.3198547165  0.3000719067  252           0.1857215100 
0.1410201457  0.1253481894  0.1294470639  8.0000000000  0.0074544417  0.0087560564  2.3198801743  0.2919387254  288           0.1861339476 
0.1320188598  0.1283479751  0.1230175739  9.0000000000  0.0083791580  0.0080503689  2.3202419480  0.2694199748  324           0.1865599155 
0.1345906558  0.1234197557  0.1243034719  10.000000000  0.0078820752  0.0083249211  2.3111310999  0.2686061611  360           0.1864478588 
0.1435919417  0.1289907864  0.1273039006  11.000000000  0.0053075718  0.0041654027  2.3139168686  0.2471604877  396           0.1864923040 
0.1208744106  0.1150632098  0.1075867981  12.000000000  0.0061419871  0.0065111402  2.3133674529  0.2497736741  432           0.1865091191 
0.1341620231  0.1325262481  0.1225889413  13.000000000  0.0042909533  0.0072245300  2.3151096039  0.2387776325  468           0.1866656012 
0.1281611659  0.1168845082  0.1148735534  14.000000000  0.0072138160  0.0049552934  2.3146405882  0.2300529434  504           0.1868532830 
0.1243034719  0.1176344547  0.1213030433  15.000000000  0.0047755424  0.0071412706  2.3128339185  0.2411951191  540           0.1866265933 
0.1200171453  0.1110992072  0.1045863695  16.000000000  0.0067130989  0.0070183807  2.3112587664  0.2281041290  576           0.1867385175 
0.1153021860  0.1090636383  0.1020145735  17.000000000  0.0074485822  0.0046989736  2.3090300759  0.2163034951  612           0.1869431006 
0.1367338191  0.1342404114  0.1311615945  18.000000000  0.0051338904  0.0067737997  2.3118493358  0.2145503167  648           0.1869070199 
0.1483069010  0.1356331691  0.1221603086  19.000000000  0.0077825884  0.0066735033  2.3090071811  0.2028430998  684           0.1869681478 
0.1251607372  0.1205271052  0.1131590227  20.000000000  0.0068410122  0.0057678819  2.3077703714  0.2087176951  720           0.1866584950 
0.1427346764  0.1303835440  0.1178739820  21.000000000  0.0058172991  0.0052355313  2.3087418344  0.2011684250  756           0.1870359249 
0.1191598800  0.1136704521  0.1144449207  22.000000000  0.0062445601  0.0068566153  2.3084050549  0.2010649691  792           0.1870149109 
0.1110158594  0.1083136919  0.0994427775  23.000000000  0.0070821444  0.0051701168  2.3064487047  0.1931295064  828           0.1865619156 
0.1405915131  0.1227769445  0.1161594514  24.000000000  0.0043187307  0.0068034480  2.3108367390  0.1899370584  864           0.1866007778 
0.1478782683  0.1383115492  0.1375910844  25.000000000  0.0038443307  0.0061468167  2.3012963732  0.1882873596  900           0.1864907808 
0.1530218603  0.1361688451  0.1273039006  26.000000000  0.0061787963  0.0052625885  2.3063750797  0.1904723926  936           0.1867457562 
0.1345906558  0.1315620313  0.1230175739  27.000000000  0.0048968494  0.0049835791  2.3049299518  0.1804690154  972           0.1866056588 
0.1298756965  0.1195628884  0.1105872267  28.000000000  0.0054492652  0.0069649799  2.3020721277  0.1783158568  1008          0.1865166028 
0.1483069010  0.1348832226  0.1221603086  29.000000000  0.0052651780  0.0042055762  2.3010681735  0.1766682081  1044          0.1863906251 
0.1551650236  0.1495607457  0.1423060437  30.000000000  0.0061110937  0.0059501612  2.2995241748  0.1767992290  1080          0.1866387924 
0.1620231462  0.1490250696  0.1444492070  31.000000000  0.0069216639  0.0051639494  2.2993745208  0.1751590313  1116          0.1867255039 
0.1778825547  0.1604885365  0.1491641663  32.000000000  0.0073647284  0.0079031570  2.2993264596  0.1772186301  1152          0.1866129703 
0.1470210030  0.1331690594  0.1238748393  33.000000000  0.0068873813  0.0067637861  2.3021372226  0.1712358855  1188          0.1868280901 
0.1851693099  0.1657381616  0.1517359623  34.000000000  0.0048752808  0.0068350203  2.2938268052  0.1707313388  1224          0.1864822772 
0.2168881269  0.1975573173  0.1855979426  35.000000000  0.0043725123  0.0066009197  2.2954611447  0.1716227602  1260          0.1970010267 
0.2066009430  0.1973430469  0.1877411059  36.000000000  0.0054407302  0.0067271127  2.2919316358  0.1693098255  1296          0.1871661213 
0.2147449636  0.2052710521  0.1984569224  37.000000000  0.0070711457  0.0061924044  2.2912717197  0.1701864625  1332          0.1867727505 
0.2091727390  0.1983072638  0.1890270039  38.000000000  0.0072508223  0.0070926332  2.2904872828  0.1660145227  1368          0.1866229177 
0.2138876982  0.2065566745  0.1988855551  39.000000000  0.0042457696  0.0054714763  2.2893687818  0.1649631158  1404          0.1866117252 
0.2190312902  0.2088065138  0.2031718817  40.000000000  0.0055088931  0.0061618023  2.2838885453  0.1604401399  1440          0.1865059270 
0.2250321474  0.2121277052  0.2014573511  41.000000000  0.0058711254  0.0053720226  2.2804164555  0.1658018914  1476          0.1864113410 
0.2233176168  0.2143775445  0.2057436777  42.000000000  0.0101311472  0.0063533634  2.2773783538  0.1684132434  1512          0.1865409745 
0.2224603515  0.2100921363  0.2006000857  43.000000000  0.0080331647  0.0075106273  2.2766677870  0.1645286874  1548          0.1866868867 
0.2216030862  0.2149132205  0.2048864123  44.000000000  0.0067650775  0.0063573122  2.2741153373  0.1666531790  1584          0.1862853302 
0.2198885555  0.2075208914  0.1984569224  45.000000000  0.0091074689  0.0052970747  2.2702670097  0.1659657347  1620          0.1864212619 
0.2207458208  0.2110563531  0.2006000857  46.000000000  0.0074661970  0.0067596568  2.2649420765  0.1667662971  1656          0.1866464814 
0.2211744535  0.2113777587  0.2023146164  47.000000000  0.0122086273  0.0120570113  2.2520690958  0.1733946655  1692          0.1865314245 
0.2203171882  0.2101992715  0.2010287184  48.000000000  0.0095434702  0.0105675674  2.2463574078  0.1718057791  1728          0.1866349710 
0.2173167595  0.2046282408  0.1963137591  49.000000000  0.0143100040  0.0143239846  2.2354118692  0.1757472758  1764          0.1868668861 
0.2224603515  0.2120205700  0.2040291470  50.000000000  0.0123853866  0.0130420062  2.2308146159  0.1899486983  1800          0.1867452264 
0.2177453922  0.2058067281  0.1971710244  51.000000000  0.0127402296  0.0149673671  2.2227116095  0.1826815676  1836          0.1869559884 
0.2203171882  0.2105206771  0.2018859837  52.000000000  0.0149253276  0.0170339810  2.2069510751  0.1835395263  1872          0.1867256429 
0.2207458208  0.2109492179  0.2023146164  53.000000000  0.0158973998  0.0202291194  2.1984126104  0.2047083825  1908          0.1864977611 
0.2203171882  0.2111634883  0.2036005144  54.000000000  0.0203169998  0.0195866476  2.1838946011  0.1865916943  1944          0.1864995029 
0.2181740249  0.2064495393  0.1971710244  55.000000000  0.0221719328  0.0210099088  2.1701213055  0.2072442389  1980          0.1865516305 
0.2198885555  0.2097707307  0.2010287184  56.000000000  0.0222114407  0.0223531028  2.1678888069  0.2075768817  2016          0.1864938935 
0.2228889841  0.2127705164  0.2018859837  57.000000000  0.0193921063  0.0247655594  2.1596885191  0.1887356498  2052          0.1864980525 
0.2237462495  0.2152346261  0.2083154736  58.000000000  0.0275087655  0.0328500221  2.1432265308  0.2005462369  2088          0.1865993539 
0.2224603515  0.2138418684  0.2036005144  59.000000000  0.0250881281  0.0275835594  2.1341613332  0.2281417582  2124          0.1865259674 
0.2408915559  0.2305549604  0.2203171882  60.000000000  0.0247823679  0.0257283979  2.1355915864  0.2245182329  2160          0.1864366598 
0.2237462495  0.2134133276  0.2036005144  61.000000000  0.0222109904  0.0227781816  2.1342708866  0.1821489558  2196          0.1868706279 
0.2516073725  0.2414827512  0.2314616374  62.000000000  0.0322395944  0.0323786255  2.1213451227  0.2440395848  2232          0.1871616774 
0.2293184741  0.2201628455  0.2104586369  63.000000000  0.0247121702  0.0254225367  2.1191162798  0.1973249171  2268          0.1870635549 
0.2408915559  0.2286265267  0.2100300043  64.000000000  0.0302232040  0.0349730750  2.1088350084  0.2086542803  2304          0.1869103180 
0.2498928418  0.2351617742  0.2327475354  65.000000000  0.0300790552  0.0333046897  2.1132090158  0.1938064736  2340          0.1870543758 
0.2417488213  0.2354831798  0.2271753108  66.000000000  0.0323165738  0.0314172688  2.0942156845  0.2027179143  2376          0.1869867643 
0.2516073725  0.2407328048  0.2246035148  67.000000000  0.0335839308  0.0438752737  2.0923557083  0.2051853206  2412          0.1870793369 
0.2511787398  0.2435183201  0.2336048007  68.000000000  0.0331371360  0.0371832947  2.0892257359  0.1786070863  2448          0.1865867111 
0.2640377197  0.2570173559  0.2520360051  69.000000000  0.0327020983  0.0376310945  2.0686863992  0.2126668000  2484          0.1867331730 
0.2614659237  0.2519820013  0.2387483926  70.000000000  0.0282236056  0.0378662166  2.0810900132  0.2476783337  2520          0.1866878536 
0.2507501072  0.2411613456  0.2276039434  71.000000000  0.0276018944  0.0368405945  2.0792983903  0.1714557281  2556          0.1869907445 
0.2683240463  0.2563745447  0.2451778826  72.000000000  0.0336267236  0.0373009990  2.0750380854  0.1838947141  2592          0.1867899232 
0.2666095156  0.2563745447  0.2477496785  73.000000000  0.0352169275  0.0339121984  2.0673625535  0.2046822997  2628          0.1867668562 
0.2614659237  0.2502678380  0.2417488213  74.000000000  0.0372368909  0.0420641998  2.0576752424  0.1758436292  2664          0.1867368089 
0.2781825975  0.2603385472  0.2593227604  75.000000000  0.0282875035  0.0316880842  2.0561047627  0.2107158349  2700          0.1867852012 
0.2661808830  0.2648382258  0.2546078011  76.000000000  0.0355338669  0.0350340274  2.0548527572  0.1981093544  2736          0.1866715286 
0.2820402915  0.2605528177  0.2580368624  77.000000000  0.0369460666  0.0357943078  2.0513254537  0.2188946799  2772          0.1867977712 
0.2747535362  0.2671952003  0.2571795971  78.000000000  0.0320211136  0.0331622991  2.0611023837  0.1813483760  2808          0.1867731015 
0.2816116588  0.2694450396  0.2541791685  79.000000000  0.0316131661  0.0339090427  2.0424007873  0.1699605001  2844          0.1871474783 
0.2863266181  0.2699807157  0.2631804544  80.000000000  0.0317441755  0.0429145992  2.0421796706  0.1929583218  2880          0.1869729691 
0.2657522503  0.2661238483  0.2571795971  81.000000000  0.0313566840  0.0374114662  2.0318912367  0.1980860407  2916          0.1869963937 
0.2876125161  0.2797300193  0.2717531076  82.000000000  0.0364642193  0.0384977344  2.0449669659  0.1885477934  2952          0.1868784361 
0.2983283326  0.2847653739  0.2807543935  83.000000000  0.0361879634  0.0397182918  2.0352243185  0.2197562266  2988          0.1865964135 
0.2953279040  0.2821941290  0.2721817402  84.000000000  0.0306913091  0.0339952740  2.0354402794  0.2058467650  3024          0.1866265734 
0.2897556794  0.2862652668  0.2657522503  85.000000000  0.0361318903  0.0344318781  2.0327869687  0.2132262091  3060          0.1867213713 
0.2833261895  0.2785515320  0.2576082297  86.000000000  0.0337094946  0.0378628092  2.0320406159  0.1845174949  3096          0.1865395970 
0.2824689241  0.2816584530  0.2588941277  87.000000000  0.0357960496  0.0403226912  2.0323799153  0.1864815851  3132          0.1866949929 
0.2936133733  0.2831583458  0.2691813116  88.000000000  0.0364628186  0.0403695355  2.0207309988  0.2160843648  3168          0.1865666509 
0.2923274754  0.2918362974  0.2743249036  89.000000000  0.0391225666  0.0441802575  2.0193321009  0.1885148378  3204          0.1866060098 
0.2897556794  0.2839082923  0.2700385769  90.000000000  0.0343286362  0.0411368575  2.0084090266  0.1716716915  3240          0.1866001553 
0.2970424346  0.2803728305  0.2777539649  91.000000000  0.0373907205  0.0471253677  2.0114352968  0.1819844916  3276          0.1864874760 
0.2936133733  0.2895864581  0.2773253322  92.000000000  0.0397106161  0.0376383894  2.0149616400  0.2077149314  3312          0.1871665120 
0.3043291899  0.2869080780  0.2747535362  93.000000000  0.0422001034  0.0417643123  2.0138437152  0.1851274288  3348          0.1875609226 
0.3081868838  0.2933361903  0.2777539649  94.000000000  0.0352121674  0.0392887774  2.0082076357  0.1900814072  3384          0.1871049868 
0.3043291899  0.2965502464  0.2828975568  95.000000000  0.0367812034  0.0422289802  2.0133873224  0.2030363762  3420          0.1872236199 
0.3017573939  0.2977287337  0.2816116588  96.000000000  0.0354602569  0.0384981798  2.0121269822  0.1923108995  3456          0.1866090430 
0.3051864552  0.2995500321  0.2858979854  97.000000000  0.0424624450  0.0400659359  2.0147950914  0.2127624874  3492          0.1951268580 
0.3004714959  0.2906578102  0.2747535362  98.000000000  0.0384382672  0.0454348260  2.0051623980  0.1681319939  3528          0.1866637005 
0.3141877411  0.3029783587  0.2837548221  99.000000000  0.0354531308  0.0383556667  2.0058177610  0.1863593521  3564          0.1884048250 
0.3039005572  0.2992286265  0.2820402915  99.972222222  0.0418867912  0.0441283873  1.9974567856  0.1851175985  3599          0.1866360937 
