Environment:
	Python: 3.8.10
	PyTorch: 1.10.0+cu113
	Torchvision: 0.11.1+cu113
	CUDA: 11.3
	CUDNN: 8200
	NumPy: 1.21.4
	PIL: 8.4.0
Args:
	algorithm: KL_GP
	checkpoint_freq: None
	data_dir: /root/data
	dataset: RotatedMNIST
	epochs: None
	holdout_fraction: 0.2
	hparams: None
	hparams_seed: 16
	output_dir: ./results_sweep_kl_gp_1/10451ac4c05b45bdef6094e2471d2b55
	save_model_every_checkpoint: False
	seed: 1358821310
	skip_model_save: False
	steps: None
	task: domain_adaptation
	test_envs: [5]
	train_envs: [0]
	trial_seed: 1
	uda_holdout_fraction: 0
HParams:
	augment_softmax: 0.05
	batch_size: 128
	class_balanced: False
	data_augmentation: True
	grad_penalty: 0.015388960127822048
	kl_reg: 0.10596140034612972
	kl_reg_aux: 0.3125351352190504
	lr: 0.0003003500604565885
	nonlinear_classifier: False
	num_samples: 20
	resnet18: True
	resnet_dropout: 0.0
	specify_zdim: True
	weight_decay: 0.0
	z_dim: 512
cuda
/root/miniconda3/lib/python3.8/site-packages/torchvision/transforms/functional.py:984: UserWarning: Argument resample is deprecated and will be removed since v0.10.0. Please, use interpolation instead
  warnings.warn(
env0_out_acc  env5_in_acc   env5_out_acc  epoch         kl            kl_aux        loss          penalty       step          step_time    
0.1123017574  0.1014679096  0.1088726961  0.0000000000  2.2712893486  3.1221458912  2.2883770466  404.39248657  0             0.2061114311 
0.1221603086  0.1310403943  0.1388769824  1.0000000000  0.0985098310  0.0863254397  2.3342645430  6.9356290331  73            0.1150564821 
0.1911701672  0.2011143255  0.1958851264  2.0000000000  0.0183407411  0.0207920499  2.3108763270  2.0005441349  146           0.1149528223 
0.1813116159  0.1903996571  0.1851693099  3.0000000000  0.0386818239  0.0407627739  2.2784238580  2.1607476359  219           0.1154562055 
0.2190312902  0.2268295296  0.2224603515  4.0000000000  0.0761426410  0.0881885404  2.1973051600  2.3969073067  292           0.1153229818 
0.2588941277  0.2402228651  0.2576082297  5.0000000000  0.0739526357  0.0923034786  2.1484524877  2.5827196102  365           0.1154519303 
0.2610372910  0.2584378014  0.2644663523  6.0000000000  0.0770936894  0.0886925867  2.1098962026  2.3642476536  438           0.1153921689 
0.2477496785  0.2592949748  0.2623231890  7.0000000000  0.0713445095  0.0816081746  2.0834027300  2.2664152874  511           0.1151734868 
0.2764680669  0.2789028180  0.2743249036  8.0000000000  0.0664031636  0.0738722298  2.0720613313  2.0657528394  584           0.1152221601 
0.2906129447  0.2992606879  0.3103300471  9.0000000000  0.0718242142  0.0799991562  2.0676083842  2.7840895196  657           0.1161442979 
0.2726103729  0.2930461802  0.2948992713  10.000000000  0.0650584012  0.0731977502  2.0485226455  2.0386718381  730           0.1157527656 
0.2601800257  0.2835101254  0.2867552508  11.000000000  0.0730116269  0.0789679534  2.0226260848  2.2212783849  803           0.1154891563 
0.2923274754  0.2946533805  0.3034719246  12.000000000  0.0775116437  0.0674071149  2.0132343100  2.1366784834  876           0.1155789911 
0.3030432919  0.2997964213  0.3129018431  13.000000000  0.0786602366  0.0760162171  1.9937311525  2.3621957449  949           0.1144989549 
0.3017573939  0.2980820744  0.3099014145  14.000000000  0.0738209372  0.0769745030  2.0021509422  2.3761811665  1022          0.1152454435 
0.3180454351  0.3098682096  0.3227603943  15.000000000  0.0760205576  0.0801541087  1.9746306808  2.1491328935  1095          0.1151845357 
0.3231890270  0.2966891675  0.2854693528  16.000000000  0.0862374404  0.0784207207  1.9684322991  2.1205379489  1168          0.1150995313 
0.3364766395  0.3292617593  0.3407629661  17.000000000  0.0774740128  0.0847288974  1.9740252511  2.5002696955  1241          0.1151893629 
0.3201885984  0.3147969570  0.3236176597  18.000000000  0.0870643381  0.0879917308  1.9533627980  2.0355039116  1314          0.1150676486 
0.3099014145  0.3015107682  0.3069009859  19.000000000  0.0857583823  0.0809385809  1.9462980979  2.3927808290  1387          0.1154744494 
0.3321903129  0.3266902389  0.3356193742  20.000000000  0.0841407221  0.0872532342  1.9317185699  2.4610363882  1460          0.1155034157 
0.3369052722  0.3099753563  0.3176168024  21.000000000  0.0816879664  0.0903889643  1.9341031982  2.1516087333  1533          0.1156185751 
0.3664809258  0.3429765349  0.3433347621  22.000000000  0.0859522395  0.0950467848  1.9300995347  2.4952411243  1606          0.1155336066 
0.3617659666  0.3415836280  0.3360480069  23.000000000  0.0889803579  0.0927972794  1.9200660088  2.3976711018  1679          0.1158470258 
0.3463351907  0.3139397836  0.3193313330  24.000000000  0.1026665936  0.1014340022  1.9010424206  2.1464202526  1752          0.1156532242 
0.4072010287  0.3717989928  0.3583369053  25.000000000  0.1064438755  0.0996726245  1.8950523857  2.0709714220  1825          0.1157458776 
0.3167595371  0.3049394621  0.2884697814  26.000000000  0.1052255467  0.1148879593  1.8967698274  2.9310567216  1898          0.1156101521 
0.4252036005  0.3717989928  0.3669095585  27.000000000  0.1067184455  0.1025094561  1.8802103131  2.0080352287  1971          0.1155694413 
0.3904843549  0.3254044787  0.3339048435  28.000000000  0.1301422642  0.1300214480  1.8662529318  2.3219936090  2044          0.1154428802 
0.3823403343  0.3531554698  0.3531933133  29.000000000  0.1333944569  0.1371908449  1.8410271602  2.5979785021  2117          0.1154797763 
0.4496356622  0.3983713704  0.3891984569  30.000000000  0.1347603014  0.1397945848  1.8262768167  2.6459864762  2190          0.1154797730 
0.4684954994  0.4083360120  0.3956279468  31.000000000  0.1543490821  0.1600617187  1.7912881440  2.6386556005  2263          0.1153745521 
0.4723531933  0.3980499304  0.3767681097  32.000000000  0.1688460291  0.1709503997  1.7751372220  3.0032290269  2336          0.1155886683 
0.4569224175  0.3501553627  0.3420488641  33.000000000  0.1792790857  0.1757356729  1.7583473121  2.9104526010  2409          0.1154436216 
0.5207886841  0.4039429980  0.4007715388  34.000000000  0.1716065015  0.1751641672  1.7410164451  2.7717081945  2482          0.1219370137 
0.5207886841  0.4178720669  0.4037719674  35.000000000  0.1712163736  0.1739274378  1.7510427041  3.4349630565  2555          0.1205601104 
0.5387912559  0.4246223079  0.4054864981  36.000000000  0.1927913019  0.2032653469  1.7034888382  3.2004736646  2628          0.1143964153 
0.5310758680  0.4127290260  0.4020574368  37.000000000  0.1856130998  0.1950720859  1.6821067235  2.9233422590  2701          0.1142861517 
0.5649378483  0.4232294011  0.4114873553  38.000000000  0.1803855863  0.1905841044  1.7058675942  4.0580333194  2774          0.1152954036 
0.5632233176  0.4368370299  0.4209172739  39.000000000  0.1960153776  0.2115337032  1.6534624394  3.3677722265  2847          0.1151967996 
0.5546506644  0.4325511625  0.4187741106  40.000000000  0.1987451168  0.2079282460  1.6382465510  3.8029811072  2920          0.1156288532 
0.5915130733  0.4281581485  0.4106300900  41.000000000  0.1983545741  0.2055558048  1.6386570539  3.3411646183  2993          0.1152092006 
0.5897985426  0.4274081217  0.4136305186  42.000000000  0.2098390076  0.2429646792  1.6056891533  3.5461679632  3066          0.1150286230 
0.6296613802  0.4253723347  0.4174882126  43.000000000  0.2246776672  0.2210981519  1.5889684190  3.0609673703  3139          0.1153982600 
0.5837976854  0.4350155363  0.4144877840  44.000000000  0.2245386725  0.2555824828  1.5533038165  3.3200040435  3212          0.1149208154 
0.6523789113  0.4246223079  0.4132018860  45.000000000  0.2485322364  0.2468337817  1.5488758887  3.6677461585  3285          0.1152151905 
0.6618088298  0.4381227901  0.4200600086  46.000000000  0.2543655422  0.2581500387  1.5212939455  2.9975632201  3358          0.1151318713 
0.6733819117  0.4378013500  0.4174882126  47.000000000  0.2436548488  0.2694729126  1.5033844154  3.3598221263  3431          0.1151961627 
0.6690955851  0.4487303118  0.4354907844  48.000000000  0.2620448217  0.2617186194  1.4789319904  3.0385040028  3504          0.1151685682 
0.6978139734  0.4240865745  0.4114873553  49.000000000  0.2549980438  0.2779631353  1.4607113959  3.4716394927  3577          0.1153856500 
0.6862408916  0.4523732990  0.4372053150  50.000000000  0.2651869565  0.2729613324  1.4607803462  3.9330442344  3650          0.1151757110 
0.7059579940  0.4286938819  0.4170595799  51.000000000  0.2521689069  0.2825434763  1.4306405489  3.7669801124  3723          0.1157234401 
0.7385340763  0.4397299904  0.4239177025  52.000000000  0.2774940811  0.2897791536  1.4276756065  3.6430418785  3796          0.1155228745 
0.7441063009  0.4391942569  0.4213459066  53.000000000  0.2768288018  0.3065679857  1.3791832810  3.0131550472  3869          0.1156919101 
0.7188169739  0.4566591664  0.4402057437  54.000000000  0.2985123510  0.3099311215  1.3805869867  4.0584508197  3942          0.1154914947 
0.7595370767  0.4397299904  0.4337762538  55.000000000  0.3030360496  0.3241804822  1.3691921871  3.6226854618  4015          0.1154482659 
0.7368195456  0.4250508947  0.4230604372  56.000000000  0.3168825875  0.3164180991  1.3504125974  3.8061114762  4088          0.1152322390 
0.7745392199  0.4516232723  0.4299185598  57.000000000  0.3064371233  0.3173952854  1.3256499408  3.3356526388  4161          0.1153478655 
0.7826832405  0.4544090860  0.4402057437  58.000000000  0.3175258800  0.3406017872  1.3218724793  3.7677878925  4234          0.1151335468 
0.7805400772  0.4516232723  0.4432061723  59.000000000  0.3254713196  0.3424502007  1.2959090782  3.4869604829  4307          0.1153191704 
0.7873981997  0.4428372442  0.4410630090  60.000000000  0.3358848454  0.3640690764  1.2784860118  3.5105986171  4380          0.1149319394 
0.7998285469  0.4619093539  0.4582083155  61.000000000  0.3274575488  0.3422781997  1.2576066060  3.3164363283  4453          0.1151423356 
0.8195456494  0.4433729776  0.4290612945  62.000000000  0.3450682131  0.3552853179  1.2508669716  3.5945246808  4526          0.1148757183 
0.8225460780  0.4646951677  0.4573510502  63.000000000  0.3314031510  0.3737877591  1.2131933643  3.1251747086  4599          0.1152645333 
0.8349764252  0.4727311690  0.4646378054  64.000000000  0.3608035976  0.3842827555  1.2059491514  3.8899249443  4672          0.1149238593 
0.8679811402  0.4532304725  0.4402057437  65.000000000  0.3525889671  0.3952586455  1.1887579111  3.5726014653  4745          0.1152470438 
0.8636948135  0.4781956498  0.4710672953  66.000000000  0.3551970051  0.3879009012  1.1731303620  3.4824025059  4818          0.1152661924 
0.8726960994  0.4900889317  0.4809258465  67.000000000  0.3688039224  0.3994605476  1.1509315037  3.1672987824  4891          0.1153499296 
0.8298328333  0.4265509482  0.4273467638  68.000000000  0.3498811493  0.3866673496  1.1395170574  3.6271927683  4964          0.1153392726 
0.8829832833  0.4905175185  0.4770681526  69.000000000  0.3566007908  0.3900504047  1.1273800461  3.5189197945  5037          0.1153242196 
0.8834119160  0.4961962927  0.4967852550  70.000000000  0.3645335420  0.4069269847  1.1309722572  4.1646252152  5110          0.1151225044 
0.8624089156  0.5126968820  0.5100728676  71.000000000  0.3737193983  0.4023537766  1.1009739972  3.5678375731  5183          0.1151115731 
0.8812687527  0.4985535198  0.4873553365  72.000000000  0.3605695947  0.3908786186  1.1099626308  4.8095256727  5256          0.1146741436 
0.8911273039  0.5156969892  0.5122160309  73.000000000  0.3728363155  0.3944707635  1.0780250806  2.9726906117  5329          0.1140351720 
0.8804114874  0.5327333119  0.5332190313  74.000000000  0.3666971416  0.4071543772  1.0739731209  3.4291330576  5402          0.1146390863 
0.9027003858  0.5068038144  0.5070724389  75.000000000  0.3851673701  0.4061473428  1.0639364025  3.0930268862  5475          0.1151520030 
0.9065580797  0.5200900032  0.5156450922  76.000000000  0.3972926009  0.4022608783  1.0443905200  3.2337359957  5548          0.1136967156 
0.9069867124  0.5402335798  0.5452207458  77.000000000  0.3730182582  0.3926252992  1.0487923418  3.7574256414  5621          0.1138137236 
0.9147021003  0.5428051002  0.5387912559  78.000000000  0.3926078979  0.3965208824  1.0312582377  3.1299658785  5694          0.1151614156 
0.9138448350  0.5434479803  0.5409344192  79.000000000  0.3838200243  0.4002375407  1.0048863912  3.1780405208  5767          0.1154621954 
0.8971281612  0.5343405122  0.5387912559  80.000000000  0.3868984915  0.4127599768  1.0096938226  3.2550384508  5840          0.1153267246 
0.9117016717  0.5630558234  0.5649378483  81.000000000  0.3793641966  0.3779053623  1.0107244588  3.5657563781  5913          0.1156049624 
0.9224174882  0.5557698489  0.5555079297  82.000000000  0.3760874369  0.3971257210  0.9921557560  3.0856553692  5986          0.1154120458 
0.9224174882  0.5665916640  0.5636519503  83.000000000  0.3895548402  0.4153070123  0.9836406773  2.8413646695  6059          0.1152254621 
0.9159879983  0.5780563592  0.5812258894  84.000000000  0.3659801940  0.4005066467  0.9720126056  3.0361756364  6132          0.1152522858 
0.9129875697  0.5773063324  0.5730818688  85.000000000  0.3794776316  0.4072513515  0.9844304609  3.2611726996  6205          0.1148392436 
0.9134162023  0.5453766206  0.5512216031  86.000000000  0.3776991465  0.4041853278  0.9764833973  3.3776409005  6278          0.1152329576 
0.9284183455  0.5686274510  0.5717959709  87.000000000  0.3865724198  0.3976495233  0.9781245050  3.2072806865  6351          0.1151502067 
0.9301328761  0.5762348655  0.5936562366  88.000000000  0.3842117950  0.4092414085  0.9724690465  3.1451038563  6424          0.1212319544 
0.9292756108  0.5794492660  0.5855122160  89.000000000  0.3739819723  0.3951017171  0.9529444281  2.8594480149  6497          0.1139942522 
0.9357051007  0.5902710811  0.5996570939  90.000000000  0.3803100913  0.4006716650  0.9445896630  3.1096075251  6570          0.1137635741 
0.9369909987  0.6006643094  0.6099442778  91.000000000  0.3824424025  0.3964452678  0.9407797742  2.6322307538  6643          0.1140053697 
0.9254179168  0.5939140684  0.5992284612  92.000000000  0.3879824142  0.3803435482  0.9381344367  3.0334754660  6716          0.1138930647 
0.9339905701  0.6052716168  0.6150878697  93.000000000  0.3838811378  0.4086370991  0.9351290489  3.2082542491  6789          0.1138741807 
0.9395627947  0.6143790850  0.6202314616  94.000000000  0.3585535402  0.3795099062  0.9165333534  2.5099245489  6862          0.1145539545 
0.9434204886  0.6175934855  0.6258036862  95.000000000  0.3934453220  0.3873645312  0.9230715298  2.4564567282  6935          0.1153537084 
0.9387055294  0.6125575913  0.6249464209  96.000000000  0.3774991427  0.4091685112  0.9218206781  3.2357723893  7008          0.1154230490 
0.9481354479  0.6218793528  0.6292327475  97.000000000  0.3747856584  0.3902292382  0.9250226968  2.9816092318  7081          0.1152980785 
0.9378482640  0.6172720454  0.6266609516  98.000000000  0.3774312359  0.3770821127  0.9029287067  2.9689981366  7154          0.1153889062 
0.9369909987  0.6219864995  0.6262323189  99.000000000  0.3650516288  0.3788562017  0.9043594207  2.6635628073  7227          0.1150687067 
0.9404200600  0.6163077253  0.6232318903  99.986301369  0.3579036925  0.3853417834  0.9036914201  2.6806516084  7299          0.1151605513 
