Environment:
	Python: 3.8.10
	PyTorch: 1.10.0+cu113
	Torchvision: 0.11.1+cu113
	CUDA: 11.3
	CUDNN: 8200
	NumPy: 1.21.4
	PIL: 8.4.0
Args:
	algorithm: KL_GP
	checkpoint_freq: None
	data_dir: /root/data
	dataset: RotatedMNIST
	epochs: None
	holdout_fraction: 0.2
	hparams: None
	hparams_seed: 17
	output_dir: ./results_sweep_kl_gp_1/af9c4855696c03a9d60439ccc6a0d45a
	save_model_every_checkpoint: False
	seed: 360244033
	skip_model_save: False
	steps: None
	task: domain_adaptation
	test_envs: [3]
	train_envs: [0]
	trial_seed: 1
	uda_holdout_fraction: 0
HParams:
	augment_softmax: 0.05
	batch_size: 64
	class_balanced: False
	data_augmentation: True
	grad_penalty: 1.9740315087668867
	kl_reg: 0.5815071835536418
	kl_reg_aux: 0.02926853652714485
	lr: 0.002719866106882731
	nonlinear_classifier: True
	num_samples: 20
	resnet18: True
	resnet_dropout: 0.0
	specify_zdim: False
	weight_decay: 0.0
	z_dim: 128
cuda
/root/miniconda3/lib/python3.8/site-packages/torchvision/transforms/functional.py:984: UserWarning: Argument resample is deprecated and will be removed since v0.10.0. Please, use interpolation instead
  warnings.warn(
env0_out_acc  env3_in_acc   env3_out_acc  epoch         kl            kl_aux        loss          penalty       step          step_time    
0.0625803686  0.0793871866  0.0784397771  0.0000000000  0.4096640348  0.2476270199  2.3013021946  108.13452911  0             0.1115322113 
0.0835833691  0.0936361688  0.0994427775  1.0000000000  0.0036247405  0.0033217007  2.7544558881  0.2101727417  146           0.0282208740 
0.0835833691  0.0936361688  0.0994427775  2.0000000000  0.0016559518  0.0024418365  2.7486035122  0.0067184923  292           0.0279566001 
0.0835833691  0.0936361688  0.0994427775  3.0000000000  0.0009345567  0.0004776822  2.7709298395  0.0042599731  438           0.0283449464 
0.0835833691  0.0936361688  0.0994427775  4.0000000000  0.0004276739  0.0000896511  2.7488601420  0.0028873254  584           0.0279899052 
0.0835833691  0.0936361688  0.0994427775  5.0000000000  0.0002078267  -0.000016801  2.7586118865  0.0020094125  730           0.0279808404 
0.0835833691  0.0936361688  0.0994427775  6.0000000000  0.0000517254  0.0001283770  2.7524528863  0.0019742092  876           0.0282854511 
0.0835833691  0.0936361688  0.0994427775  7.0000000000  -0.000128223  0.0002417148  2.7606648599  0.0015769935  1022          0.0281473415 
0.0835833691  0.0936361688  0.0994427775  8.0000000000  0.0000280893  0.0001052757  2.7437276465  0.0013781963  1168          0.0283028981 
0.0835833691  0.0936361688  0.0994427775  9.0000000000  0.0000116703  0.0000267290  2.7496300168  0.0012095485  1314          0.0279228834 
0.0835833691  0.0936361688  0.0994427775  10.000000000  -0.000138340  -0.000104404  2.7488601387  0.0011435446  1460          0.0281655478 
0.0835833691  0.0936361688  0.0994427775  11.000000000  0.0000258284  0.0000325564  2.7391084204  0.0008797045  1606          0.0283449464 
0.0835833691  0.0936361688  0.0994427775  12.000000000  -0.000022966  0.0000433750  2.7570721401  0.0008046697  1752          0.0279717168 
0.0835833691  0.0936361688  0.0994427775  13.000000000  0.0000573642  -0.000022334  2.7491167620  0.0006565876  1898          0.0276411315 
0.0835833691  0.0936361688  0.0994427775  14.000000000  -0.000047318  0.0000117789  2.7498866597  0.0007162476  2044          0.0279861803 
0.0835833691  0.0936361688  0.0994427775  15.000000000  0.0000018771  0.0000050484  2.7532227578  0.0004485901  2190          0.0279794474 
0.0835833691  0.0936361688  0.0994427775  16.000000000  0.0000304939  0.0000768337  2.7604082382  0.0004377129  2336          0.0279175860 
0.0835833691  0.0936361688  0.0994427775  17.000000000  0.0000206477  -0.000072049  2.7380819174  0.0004520328  2482          0.0276767179 
0.0835833691  0.0936361688  0.0994427775  18.000000000  -0.000091788  -0.000030700  2.7511697714  0.0003524726  2628          0.0278751801 
0.0835833691  0.0936361688  0.0994427775  19.000000000  -0.000049133  0.0000431023  2.7580986350  0.0003412200  2774          0.0278934387 
0.0835833691  0.0936361688  0.0994427775  20.000000000  0.0000325670  -0.000008988  2.7409047999  0.0003735026  2920          0.0278222185 
0.0835833691  0.0936361688  0.0994427775  21.000000000  -0.000089324  0.0000375191  2.7622046144  0.0003431873  3066          0.0276150491 
0.0835833691  0.0936361688  0.0994427775  22.000000000  0.0000526015  0.0000535854  2.7622046160  0.0003110698  3212          0.0279543171 
0.0835833691  0.0936361688  0.0994427775  23.000000000  0.0000365156  0.0000067476  2.7614347298  0.0002190021  3358          0.0277176377 
0.0835833691  0.0936361688  0.0994427775  24.000000000  -0.000061855  0.0000486243  2.7611781065  0.0002408548  3504          0.0278744436 
0.0835833691  0.0936361688  0.0994427775  25.000000000  0.0000421037  0.0000048998  2.7578420084  0.0001777176  3650          0.0279091940 
0.0835833691  0.0936361688  0.0994427775  26.000000000  -0.000038898  0.0000058184  2.7503998933  0.0001822396  3796          0.0277383278 
0.0835833691  0.0936361688  0.0994427775  27.000000000  -0.000037916  0.0000575707  2.7439842779  0.0001661042  3942          0.0276323067 
0.0835833691  0.0936361688  0.0994427775  28.000000000  -0.000073813  0.0000073003  2.7629744827  0.0001678379  4088          0.0279183959 
0.0835833691  0.0936361688  0.0994427775  29.000000000  -0.000019302  0.0000842924  2.7462938942  0.0001422606  4234          0.0278397521 
0.0835833691  0.0936361688  0.0994427775  30.000000000  -0.000027546  0.0000326723  2.7521962711  0.0001439109  4380          0.0279427146 
0.0835833691  0.0936361688  0.0994427775  31.000000000  -0.000009524  -0.000054459  2.7509131285  0.0001452887  4526          0.0279080035 
0.0835833691  0.0936361688  0.0994427775  32.000000000  0.0000783523  0.0000096290  2.7462939073  0.0001206983  4672          0.0278591995 
0.0835833691  0.0936361688  0.0994427775  33.000000000  -0.000022555  0.0000117976  2.7604082415  0.0001081947  4818          0.0278075215 
0.0835833691  0.0936361688  0.0994427775  34.000000000  0.0000213352  -0.000062530  2.7629744762  0.0001083980  4964          0.0282079471 
0.0835833691  0.0936361688  0.0994427775  35.000000000  0.0000950555  0.0000338138  2.7509131317  0.0000974773  5110          0.0278850026 
0.0835833691  0.0936361688  0.0994427775  36.000000000  0.0000453110  0.0000060789  2.7521962597  0.0001002355  5256          0.0281384710 
0.0835833691  0.0936361688  0.0994427775  37.000000000  0.0000119373  -0.000025252  2.7642575911  0.0000859336  5402          0.0280348291 
0.0835833691  0.0936361688  0.0994427775  38.000000000  -0.000022160  0.0000025736  2.7642575992  0.0000757786  5548          0.0278186945 
0.0835833691  0.0936361688  0.0994427775  39.000000000  0.0000165260  -0.000030535  2.7511697289  0.0000707246  5694          0.0277443210 
0.0835833691  0.0936361688  0.0994427775  40.000000000  -0.000047176  0.0000062177  2.7427011598  0.0000724557  5840          0.0278987607 
0.0835833691  0.0936361688  0.0994427775  41.000000000  -0.000012709  -0.000005918  2.7629744778  0.0000738124  5986          0.0279373796 
0.0835833691  0.0936361688  0.0994427775  42.000000000  0.0000144292  -0.000008466  2.7432144276  0.0000679433  6132          0.0276975811 
0.0835833691  0.0936361688  0.0994427775  43.000000000  0.0000257737  -0.000008736  2.7488601306  0.0000718346  6278          0.0276166233 
0.0835833691  0.0936361688  0.0994427775  44.000000000  -0.000030075  -0.000023824  2.7568154907  0.0000629418  6424          0.0280284130 
0.0835833691  0.0936361688  0.0994427775  45.000000000  0.0000084255  -0.000030641  2.7588684869  0.0000644906  6570          0.0276961653 
0.0835833691  0.0936361688  0.0994427775  46.000000000  -0.000044883  0.0000320126  2.7514263767  0.0000525049  6716          0.0276961457 
0.0835833691  0.0936361688  0.0994427775  47.000000000  -0.000014957  0.0000363972  2.7550191291  0.0000537402  6862          0.0278778729 
0.0835833691  0.0936361688  0.0994427775  48.000000000  -0.000048865  0.0000482724  2.7578420067  0.0000521358  7008          0.0277037425 
0.0835833691  0.0936361688  0.0994427775  49.000000000  -0.000009700  -0.000020288  2.7475770091  0.0000487705  7154          0.0277294655 
0.0835833691  0.0936361688  0.0994427775  50.000000000  -0.000036966  0.0000059417  2.7521962695  0.0000526106  7300          0.0276896627 
0.0835833691  0.0936361688  0.0994427775  51.000000000  -0.000039302  -0.000021692  2.7501432634  0.0000508555  7446          0.0279460182 
0.0835833691  0.0936361688  0.0994427775  52.000000000  0.0000398755  0.0000011782  2.7622046128  0.0000598714  7592          0.0275779113 
0.0835833691  0.0936361688  0.0994427775  53.000000000  0.0000207089  0.0000258627  2.7537360159  0.0000480702  7738          0.0277291618 
0.0835833691  0.0936361688  0.0994427775  54.000000000  0.0000003764  0.0000005642  2.7462938910  0.0000329345  7884          0.0282328325 
0.0835833691  0.0936361688  0.0994427775  55.000000000  -0.000006940  -0.000005429  2.7588684804  0.0000325597  8030          0.0280479242 
0.0835833691  0.0936361688  0.0994427775  56.000000000  0.0000092591  0.0000020053  2.7524528814  0.0000302637  8176          0.0280097086 
0.0835833691  0.0936361688  0.0994427775  57.000000000  -0.000005083  0.0000116049  2.7624612295  0.0000314592  8322          0.0280236414 
0.0835833691  0.0936361688  0.0994427775  58.000000000  -0.000007084  -0.000009199  2.7439842828  0.0000316178  8468          0.0279368309 
0.0835833691  0.0936361688  0.0994427775  59.000000000  0.0000060846  0.0000088607  2.7437276612  0.0000276532  8614          0.0285354689 
0.0835833691  0.0936361688  0.0994427775  60.000000000  0.0000432460  -0.000010985  2.7419313029  0.0000236359  8760          0.0281757247 
0.0835833691  0.0936361688  0.0994427775  61.000000000  0.0000099899  -0.000004533  2.7511697518  0.0000220709  8906          0.0281885503 
0.0835833691  0.0936361688  0.0994427775  62.000000000  0.0000360314  -0.000027466  2.7491167604  0.0000201657  9052          0.0280676068 
0.0835833691  0.0936361688  0.0994427775  63.000000000  0.0000272703  -0.000011459  2.7480902770  0.0000178537  9198          0.0281825033 
0.0835833691  0.0936361688  0.0994427775  64.000000000  -0.000037388  0.0000375738  2.7565588951  0.0000174245  9344          0.0276927507 
0.0835833691  0.0936361688  0.0994427775  65.000000000  0.0000155617  0.0000015236  2.7629744958  0.0000159909  9490          0.0277290671 
0.0835833691  0.0936361688  0.0994427775  66.000000000  0.0000412301  -0.000007330  2.7578419855  0.0000157343  9636          0.0280865186 
0.0835833691  0.0936361688  0.0994427775  67.000000000  -0.000033749  -0.000002765  2.7527095096  0.0000136786  9782          0.0278467658 
0.0835833691  0.0936361688  0.0994427775  68.000000000  -0.000018025  0.0000144211  2.7616913711  0.0000165139  9928          0.0276403509 
0.0835833691  0.0936361688  0.0994427775  69.000000000  0.0000656786  0.0000116384  2.7527095047  0.0000181094  10074         0.0277725719 
0.0835833691  0.0936361688  0.0994427775  70.000000000  -0.000021858  0.0000159936  2.7537360044  0.0000146554  10220         0.0280664522 
0.0835833691  0.0936361688  0.0994427775  71.000000000  -0.000058872  0.0000198002  2.7637443640  0.0000162695  10366         0.0277727695 
0.0835833691  0.0936361688  0.0994427775  72.000000000  0.0000354395  0.0000205840  2.7527094981  0.0000150712  10512         0.0277740743 
0.0835833691  0.0936361688  0.0994427775  73.000000000  0.0000701432  0.0000261272  2.7604082415  0.0000120351  10658         0.0284488022 
0.0835833691  0.0936361688  0.0994427775  74.000000000  0.0000202076  0.0000262309  2.7537359930  0.0000098887  10804         0.0280638656 
0.0835833691  0.0936361688  0.0994427775  75.000000000  0.0000301281  -0.000007099  2.7650274675  0.0000091902  10950         0.0277186730 
0.0835833691  0.0936361688  0.0994427775  76.000000000  0.0000109240  -0.000003501  2.7557889958  0.0000109600  11096         0.0280939537 
0.0835833691  0.0936361688  0.0994427775  77.000000000  0.0000256447  -0.000000359  2.7424445414  0.0000089613  11242         0.0277638321 
0.0835833691  0.0936361688  0.0994427775  78.000000000  0.0000131098  -0.000002020  2.7550191193  0.0000078188  11388         0.0275870692 
0.0835833691  0.0936361688  0.0994427775  79.000000000  0.0000090330  -0.000001669  2.7624612426  0.0000072614  11534         0.0279607903 
0.0835833691  0.0936361688  0.0994427775  80.000000000  0.0000134592  0.0000191845  2.7542492772  0.0000068086  11680         0.0281381819 
0.0835833691  0.0936361688  0.0994427775  81.000000000  0.0000056045  -0.000003669  2.7591251070  0.0000059548  11826         0.0280343882 
0.0835833691  0.0936361688  0.0994427775  82.000000000  0.0000219255  0.0000173131  2.7478336586  0.0000077482  11972         0.0281637564 
0.0835833691  0.0936361688  0.0994427775  83.000000000  -0.000021181  0.0000130967  2.7468071343  0.0000060407  12118         0.0281847977 
0.0835833691  0.0936361688  0.0994427775  84.000000000  -0.000026773  0.0000210168  2.7514263865  0.0000106473  12264         0.0280910698 
0.0835833691  0.0936361688  0.0994427775  85.000000000  0.0000116237  0.0000672079  2.7601516083  0.0000080177  12410         0.0283466773 
0.0835833691  0.0936361688  0.0994427775  86.000000000  0.0000245792  0.0000120091  2.7563022489  0.0000077091  12556         0.0283737362 
0.0835833691  0.0936361688  0.0994427775  87.000000000  -0.000006883  -0.000012886  2.7524528863  0.0000066257  12702         0.0280432277 
0.0835833691  0.0936361688  0.0994427775  88.000000000  -0.000000798  -0.000021144  2.7465505306  0.0000067231  12848         0.0284509316 
0.0835833691  0.0936361688  0.0994427775  89.000000000  0.0000181419  0.0000496654  2.7442409045  0.0000067738  12994         0.0277651467 
0.0835833691  0.0936361688  0.0994427775  90.000000000  -0.000010502  0.0000537324  2.7573287356  0.0000089021  13140         0.0277956757 
0.0835833691  0.0936361688  0.0994427775  91.000000000  0.0000070227  0.0000176128  2.7570721156  0.0000072005  13286         0.0279211361 
0.0835833691  0.0936361688  0.0994427775  92.000000000  -0.000013660  0.0000170306  2.7475770206  0.0000073384  13432         0.0277880234 
0.0835833691  0.0936361688  0.0994427775  93.000000000  0.0000095743  -0.000033546  2.7427011614  0.0000069457  13578         0.0277367406 
0.0835833691  0.0936361688  0.0994427775  94.000000000  -0.000046807  0.0000314745  2.7699033447  0.0000068234  13724         0.0276809816 
0.0835833691  0.0936361688  0.0994427775  95.000000000  0.0000360347  0.0000509465  2.7598949899  0.0000138914  13870         0.0279794344 
0.0835833691  0.0936361688  0.0994427775  96.000000000  0.0000281007  -0.000010772  2.7557890187  0.0000056368  14016         0.0275695798 
0.0835833691  0.0936361688  0.0994427775  97.000000000  0.0000320142  -0.000013283  2.7529661345  0.0000036026  14162         0.0274568453 
0.0835833691  0.0936361688  0.0994427775  98.000000000  -0.000005050  -0.000017662  2.7611781195  0.0000026751  14308         0.0277485358 
0.0835833691  0.0936361688  0.0994427775  99.000000000  0.0000014869  0.0000036963  2.7596383781  0.0000046902  14454         0.0278889659 
0.0835833691  0.0936361688  0.0994427775  99.993150684  0.0000072923  0.0000027106  2.7531006369  0.0000028429  14599         0.0275886618 
