Environment:
	Python: 3.8.10
	PyTorch: 1.10.0+cu113
	Torchvision: 0.11.1+cu113
	CUDA: 11.3
	CUDNN: 8200
	NumPy: 1.21.4
	PIL: 8.4.0
Args:
	algorithm: KL_GP
	checkpoint_freq: None
	data_dir: /root/data
	dataset: RotatedMNIST
	epochs: None
	holdout_fraction: 0.2
	hparams: None
	hparams_seed: 13
	output_dir: ./results_sweep_kl_gp_1/2d2c4543bb2da5856701925f860d81df
	save_model_every_checkpoint: False
	seed: 1145308937
	skip_model_save: False
	steps: None
	task: domain_adaptation
	test_envs: [2]
	train_envs: [0]
	trial_seed: 1
	uda_holdout_fraction: 0
HParams:
	augment_softmax: 0.05
	batch_size: 256
	class_balanced: False
	data_augmentation: True
	grad_penalty: 0.0887051872577339
	kl_reg: 0.3760096850748162
	kl_reg_aux: 0.41544091877943506
	lr: 0.003089137859429013
	nonlinear_classifier: False
	num_samples: 20
	resnet18: True
	resnet_dropout: 0.5
	specify_zdim: True
	weight_decay: 0.0
	z_dim: 16
cuda
/root/miniconda3/lib/python3.8/site-packages/torchvision/transforms/functional.py:984: UserWarning: Argument resample is deprecated and will be removed since v0.10.0. Please, use interpolation instead
  warnings.warn(
env0_out_acc  env2_in_acc   env2_out_acc  epoch         kl            kl_aux        loss          penalty       step          step_time    
0.0865837977  0.0963145490  0.1024432062  0.0000000000  0.0118977092  0.0091467723  2.3593881130  2.1661455631  0             0.2354998589 
0.1667381054  0.1685236769  0.1628804115  1.0000000000  0.0012563505  0.0023430407  2.3101184832  0.0358869909  36            0.0754270289 
0.2113159023  0.2148060853  0.2126018003  2.0000000000  0.0072323920  0.0088356374  2.2521248990  0.0560095831  72            0.0756648514 
0.2323189027  0.2210199271  0.2280325761  3.0000000000  0.0142816035  0.0155612247  2.1306302945  0.1113531222  108           0.0761442847 
0.2678954136  0.2586243840  0.2631804544  4.0000000000  0.0209954573  0.0201108284  2.0566272603  0.1482001402  144           0.0757974651 
0.3257608230  0.3160488537  0.3206172310  5.0000000000  0.0260507501  0.0271569630  2.0444902910  0.1803227363  180           0.0757723716 
0.3279039863  0.3087636597  0.3180454351  6.0000000000  0.0287274412  0.0266536198  1.9696416027  0.1753066527  216           0.0759777824 
0.3600514359  0.3637240197  0.3643377625  7.0000000000  0.0288273765  0.0297484479  1.9493535128  0.1651097836  252           0.0759589473 
0.3960565795  0.3817227341  0.3840548650  8.0000000000  0.0366628825  0.0381913756  1.9358761807  0.2868535818  288           0.0764953891 
0.4226318045  0.4133276195  0.4114873553  9.0000000000  0.0428408757  0.0396048910  1.8494561348  0.1501262384  324           0.0764085452 
0.4140591513  0.3628669381  0.3493356194  10.000000000  0.0527150366  0.0563209094  1.8102183243  0.3220948608  360           0.0765532785 
0.5105015002  0.4434326120  0.4444920703  11.000000000  0.0520315532  0.0529781114  1.7664886978  0.1536370422  396           0.0766717792 
0.5713673382  0.4613241911  0.4474924989  12.000000000  0.0757153664  0.0682347178  1.6515988410  0.1296243543  432           0.0758248766 
0.5700814402  0.4582172702  0.4599228461  13.000000000  0.0846801405  0.0894235134  1.7032122513  0.3882711091  468           0.0762799912 
0.6626660952  0.5136061710  0.5122160309  14.000000000  0.0974089548  0.0923946677  1.5693571303  0.1576328453  504           0.0757795440 
0.6990998714  0.5968502250  0.5992284612  15.000000000  0.0933396117  0.0963116678  1.4921714664  0.2384001693  540           0.0758226381 
0.7196742392  0.6027426612  0.5945135019  16.000000000  0.1112770375  0.1089489675  1.4090232551  0.2696819158  576           0.0762132009 
0.7522503215  0.6140989929  0.5987998285  17.000000000  0.1305039765  0.1182862767  1.3494043350  0.3651935696  612           0.0762812959 
0.8062580369  0.6780587101  0.6738105444  18.000000000  0.1235283520  0.1185656478  1.2587642670  0.2773962869  648           0.0760808521 
0.8594084869  0.7645168202  0.7698242606  19.000000000  0.1331007690  0.1307367780  1.1700288488  0.3272510206  684           0.0762708386 
0.8508358337  0.7680522820  0.7753964852  20.000000000  0.1315209939  0.1348507497  1.1188221110  0.3630786662  720           0.0755797029 
0.8684097728  0.7603385472  0.7552507501  21.000000000  0.1363492404  0.1287644468  1.0442705982  0.2919089066  756           0.0757189857 
0.9078439777  0.8040497107  0.8006858123  22.000000000  0.1477328177  0.1377801945  1.0365842217  0.4807692257  792           0.0755729212 
0.9198456922  0.8282622670  0.8336905272  23.000000000  0.1495641758  0.1408493366  0.9951817940  0.2775777578  828           0.0755683117 
0.9241320189  0.8398328691  0.8469781397  24.000000000  0.1413907280  0.1396190719  0.9462282194  0.2765031507  864           0.0756823023 
0.9271324475  0.8449753589  0.8482640377  25.000000000  0.1441869264  0.1342897148  0.9258950055  0.2242842559  900           0.0756029156 
0.9185597943  0.8343689736  0.8379768538  26.000000000  0.1449469638  0.1429584966  0.9009967297  0.3119352332  936           0.0755183366 
0.9254179168  0.8494750375  0.8598371196  27.000000000  0.1503591920  0.1361909842  0.8784766992  0.2687558960  972           0.0755882661 
0.9279897128  0.8593314763  0.8649807115  28.000000000  0.1483089880  0.1415491773  0.8732695563  0.3598498611  1008          0.0756198234 
0.9417059580  0.8781872723  0.8838405486  29.000000000  0.1408992134  0.1431850060  0.8649788118  0.3430955981  1044          0.0754856798 
0.9412773253  0.8760445682  0.8735533648  30.000000000  0.1374208043  0.1349857619  0.8439842479  0.2667572374  1080          0.0756214725 
0.9348478354  0.8600814228  0.8615516502  31.000000000  0.1448252058  0.1392200316  0.8347332693  0.2108006157  1116          0.0756444799 
0.9425632233  0.8763659739  0.8808401200  32.000000000  0.1337142082  0.1407292903  0.8325550407  0.2445118473  1152          0.0757048395 
0.9472781826  0.8788300836  0.8744106301  33.000000000  0.1492805767  0.1311821530  0.8177816851  0.2358937868  1188          0.0753905177 
0.9494213459  0.8917934433  0.8919845692  34.000000000  0.1532547737  0.1339431490  0.8206574006  0.2994830660  1224          0.0756051540 
0.9541363052  0.8880437112  0.8906986712  35.000000000  0.1453633836  0.1275583868  0.8051245626  0.2347924614  1260          0.0756613082 
0.9489927132  0.8733661881  0.8816973853  36.000000000  0.1402072751  0.1244303574  0.7921697381  0.2237989066  1296          0.0755962398 
0.9571367338  0.9019712878  0.9061294471  37.000000000  0.1428728731  0.1353746437  0.7966168854  0.2404307609  1332          0.0754445129 
0.9584226318  0.9010070709  0.9069867124  38.000000000  0.1401218966  0.1371101687  0.7871525056  0.2226709469  1368          0.0765241517 
0.9562794685  0.8997214485  0.9044149164  39.000000000  0.1382230421  0.1311236005  0.7752418849  0.1925869350  1404          0.0766898394 
0.9627089584  0.9028283694  0.9091298757  40.000000000  0.1312622678  0.1211762004  0.7680872315  0.2159596686  1440          0.0768322017 
0.9545649378  0.8941504178  0.8996999571  41.000000000  0.1337796621  0.1188754003  0.7568571336  0.1624484681  1476          0.0769198537 
0.9622803258  0.9163274052  0.9224174882  42.000000000  0.1427032358  0.1249234602  0.7589009967  0.2089807805  1512          0.0766946872 
0.9558508358  0.8925433898  0.8911273039  43.000000000  0.1293966211  0.1211436972  0.7578231908  0.2390243546  1548          0.0765116215 
0.9558508358  0.9115063210  0.9087012430  44.000000000  0.1350281212  0.1363704579  0.7728540897  0.2164230862  1584          0.0765544640 
0.9631375911  0.9179344333  0.9232747535  45.000000000  0.1306634177  0.1184029811  0.7548676415  0.1920976746  1620          0.0761486755 
0.9682811830  0.9257553032  0.9292756108  46.000000000  0.1248162258  0.1129186838  0.7445881301  0.1785794670  1656          0.0762733817 
0.9639948564  0.9258624384  0.9297042435  47.000000000  0.1345775351  0.1263116975  0.7420608385  0.1599762999  1692          0.0763163765 
0.9627089584  0.9207199486  0.9224174882  48.000000000  0.1215442785  0.1229619922  0.7444829808  0.2391523572  1728          0.0771282448 
0.9644234891  0.9200771373  0.9172738963  49.000000000  0.1271314462  0.1208831277  0.7258181042  0.1432553078  1764          0.0766382747 
0.9678525504  0.9196485965  0.9245606515  50.000000000  0.1205374191  0.1176147821  0.7286607987  0.1839079222  1800          0.0766491029 
0.9622803258  0.9231840583  0.9241320189  51.000000000  0.1235962042  0.1174368455  0.7255198061  0.1562251937  1836          0.0763575832 
0.9648521217  0.9244696807  0.9275610802  52.000000000  0.1212512137  0.1145994928  0.7230150484  0.1543952323  1872          0.0757951869 
0.9687098157  0.9362545532  0.9374196314  53.000000000  0.1293690610  0.1209920676  0.7244962056  0.1644657718  1908          0.0754056507 
0.9725675096  0.9306835226  0.9288469781  54.000000000  0.1241936692  0.1083114843  0.7213302122  0.1486189324  1944          0.0756516655 
0.9708529790  0.9319691451  0.9292756108  55.000000000  0.1311989919  0.1229848663  0.7191783273  0.1689881889  1980          0.0756100747 
0.9601371625  0.9287550889  0.9245606515  56.000000000  0.1208884869  0.1087493704  0.7221069485  0.1744361354  2016          0.0754463474 
0.9639948564  0.9298264410  0.9297042435  57.000000000  0.1333918545  0.1225435657  0.7189672324  0.1841454448  2052          0.0755125152 
0.9708529790  0.9343261196  0.9335619374  58.000000000  0.1249069950  0.1146525312  0.7127684553  0.1607055592  2088          0.0754095978 
0.9708529790  0.9348617956  0.9318474068  59.000000000  0.1155245325  0.1122184259  0.7156720791  0.1643568037  2124          0.0755588412 
0.9734247750  0.9405399614  0.9382768967  60.000000000  0.1168811112  0.1034005417  0.7018069310  0.1219990113  2160          0.0755519999 
0.9734247750  0.9402185558  0.9399914273  61.000000000  0.1141205242  0.1133443512  0.7048748069  0.1403765774  2196          0.0755761067 
0.9717102443  0.9407542318  0.9412773253  62.000000000  0.1168870071  0.1074652436  0.6993226707  0.1412938442  2232          0.0754884614 
0.9738534076  0.9401114206  0.9387055294  63.000000000  0.1195501720  0.1083948225  0.7005585565  0.1485671022  2268          0.0755173630 
0.9648521217  0.9329333619  0.9322760394  64.000000000  0.1207077437  0.1189862829  0.7075192448  0.2171258512  2304          0.0757911735 
0.9725675096  0.9473966145  0.9498499786  65.000000000  0.1104258158  0.0940210757  0.6997122284  0.1493537186  2340          0.0754918986 
0.9708529790  0.9407542318  0.9425632233  66.000000000  0.1214917137  0.1128797395  0.6963796798  0.1845238811  2376          0.0758142604 
0.9657093871  0.9412899079  0.9374196314  67.000000000  0.1175088911  0.1081981142  0.6987898648  0.1680115667  2412          0.0756638183 
0.9764252036  0.9496464538  0.9464209173  68.000000000  0.1106540579  0.1027751977  0.6958577302  0.1326950707  2448          0.0758227309 
0.9734247750  0.9439682880  0.9387055294  69.000000000  0.1087476607  0.1004101185  0.6813197500  0.0995582772  2484          0.0756706927 
0.9721388770  0.9425755303  0.9382768967  70.000000000  0.1106722022  0.1025247172  0.6942383349  0.1608499825  2520          0.0763913062 
0.9708529790  0.9463252625  0.9382768967  71.000000000  0.1177138287  0.1090333364  0.6949863235  0.1566217500  2556          0.0763940546 
0.9742820403  0.9447182344  0.9404200600  72.000000000  0.1061761104  0.1036139780  0.6849781242  0.1336264038  2592          0.0766119626 
0.9772824689  0.9492179130  0.9511358766  73.000000000  0.1135114214  0.1060830798  0.6871064852  0.1393314495  2628          0.0762875809 
0.9704243463  0.9479322906  0.9429918560  74.000000000  0.1044579639  0.0986391743  0.6823625002  0.1317593089  2664          0.0763809416 
0.9738534076  0.9485751018  0.9425632233  75.000000000  0.1095828317  0.1057291850  0.6825844844  0.1316872923  2700          0.0761565699 
0.9789969996  0.9509320763  0.9477068153  76.000000000  0.1131865686  0.1053672253  0.6741794944  0.1087049513  2736          0.0761924850 
0.9747106730  0.9482536962  0.9451350193  77.000000000  0.1070066233  0.1025040791  0.6790016658  0.1357275939  2772          0.0758094655 
0.9682811830  0.9427898007  0.9434204886  78.000000000  0.1105240772  0.1023755723  0.6799930616  0.1117195133  2808          0.0761037336 
0.9751393056  0.9483608314  0.9451350193  79.000000000  0.1135835310  0.1136664899  0.6940083885  0.1724534490  2844          0.0759026806 
0.9725675096  0.9452539104  0.9399914273  80.000000000  0.1138785115  0.1056927827  0.6736475577  0.1262656734  2880          0.0758649641 
0.9725675096  0.9387186630  0.9357051007  81.000000000  0.1090241609  0.1003414887  0.6866055363  0.1853849023  2916          0.0760010084 
0.9699957137  0.9428969359  0.9421345907  82.000000000  0.1177085783  0.1126936954  0.6782883422  0.1347436470  2952          0.0761156082 
0.9747106730  0.9514677523  0.9515645092  83.000000000  0.1065123046  0.0986113782  0.6732207139  0.1094212965  2988          0.0759806302 
0.9747106730  0.9430040711  0.9378482640  84.000000000  0.1166962567  0.1099577571  0.6796694348  0.1764076278  3024          0.0759813918 
0.9717102443  0.9448253696  0.9408486927  85.000000000  0.1076338196  0.0957205778  0.6765042245  0.1336597803  3060          0.0755918821 
0.9747106730  0.9524319691  0.9489927132  86.000000000  0.1049943264  0.0986980767  0.6686850588  0.1132710930  3096          0.0754898919 
0.9712816117  0.9382901221  0.9331333048  87.000000000  0.1164820414  0.1046745881  0.6973560568  0.2580588935  3132          0.0758451356 
0.9798542649  0.9531819156  0.9489927132  88.000000000  0.1086382624  0.1028755955  0.6772937841  0.1208338787  3168          0.0756335258 
0.9751393056  0.9514677523  0.9489927132  89.000000000  0.0961172531  0.0962365626  0.6686936021  0.1062126623  3204          0.0761505564 
0.9755679383  0.9481465610  0.9425632233  90.000000000  0.1066783278  0.1034397408  0.6710759799  0.1024094414  3240          0.0758245124 
0.9742820403  0.9496464538  0.9464209173  91.000000000  0.1116260919  0.1027954821  0.6718447275  0.1450532301  3276          0.0759722326 
0.9751393056  0.9540389972  0.9468495499  92.000000000  0.1039084283  0.1054030971  0.6696559969  0.1180415982  3312          0.0753495428 
0.9708529790  0.9540389972  0.9489927132  93.000000000  0.1093562005  0.0951102395  0.6690133297  0.1093764645  3348          0.0755229129 
0.9768538363  0.9565031069  0.9485640806  94.000000000  0.1017462920  0.1037471777  0.6645288368  0.1145056500  3384          0.0754442745 
0.9764252036  0.9509320763  0.9451350193  95.000000000  0.0963840598  0.0972432562  0.6595849478  0.0954760004  3420          0.0762973825 
0.9781397342  0.9547889436  0.9489927132  96.000000000  0.1128641986  0.1019152123  0.6653789282  0.1020104844  3456          0.0759704312 
0.9789969996  0.9563959717  0.9524217745  97.000000000  0.0972127970  0.0874127259  0.6618506461  0.0928639712  3492          0.0753534238 
0.9772824689  0.9555388901  0.9481354479  98.000000000  0.0968160607  0.0916612055  0.6569116149  0.0946254597  3528          0.0753433704 
0.9751393056  0.9536104564  0.9468495499  99.000000000  0.1011057308  0.0926633558  0.6583211041  0.1095732592  3564          0.0759705769 
0.9768538363  0.9505035355  0.9502786112  99.972222222  0.0916157024  0.0912875995  0.6569480266  0.0857717645  3599          0.0761044707 
