Environment:
	Python: 3.8.10
	PyTorch: 1.10.0+cu113
	Torchvision: 0.11.1+cu113
	CUDA: 11.3
	CUDNN: 8200
	NumPy: 1.21.4
	PIL: 8.4.0
Args:
	algorithm: KL_GP
	checkpoint_freq: None
	data_dir: /root/data
	dataset: RotatedMNIST
	epochs: None
	holdout_fraction: 0.2
	hparams: None
	hparams_seed: 0
	output_dir: ./results_sweep_kl_gp_1/2b2dcf926184fa37d0cd53694e25b70a
	save_model_every_checkpoint: False
	seed: 55024165
	skip_model_save: False
	steps: None
	task: domain_adaptation
	test_envs: [3]
	train_envs: [0]
	trial_seed: 0
	uda_holdout_fraction: 0
HParams:
	augment_softmax: 0.0
	batch_size: 256
	class_balanced: False
	data_augmentation: True
	grad_penalty: 0.1
	kl_reg: 0.2
	kl_reg_aux: 0.2
	lr: 0.001
	nonlinear_classifier: False
	num_samples: 20
	resnet18: True
	resnet_dropout: 0.0
	specify_zdim: True
	weight_decay: 0.0
	z_dim: 256
cuda
/root/miniconda3/lib/python3.8/site-packages/torchvision/transforms/functional.py:984: UserWarning: Argument resample is deprecated and will be removed since v0.10.0. Please, use interpolation instead
  warnings.warn(
env0_out_acc  env3_in_acc   env3_out_acc  epoch         kl            kl_aux        loss          penalty       step          step_time    
0.0728675525  0.0669595029  0.0702957565  0.0000000000  0.5187227726  0.4452711344  2.4282324314  21.713048934  0             0.2637960911 
0.1281611659  0.1305978144  0.1195885126  1.0000000000  0.0686403331  0.0716627787  2.4558485018  4.2537548658  36            0.1871601144 
0.2168881269  0.2266980930  0.2331761680  2.0000000000  0.0372444126  0.0277066827  2.3068982230  0.7415528695  72            0.1868171493 
0.2190312902  0.2239125777  0.2258894128  3.0000000000  0.0437265982  0.0333772848  2.2311632037  0.7423001693  108           0.1873065101 
0.2588941277  0.2560531391  0.2563223318  4.0000000000  0.0498815411  0.0511769106  2.1546254820  1.0086120533  144           0.1870312757 
0.2674667810  0.2750160703  0.2893270467  5.0000000000  0.0473200530  0.0477094120  2.1014096207  0.8469418238  180           0.1872090764 
0.2640377197  0.2679451468  0.2858979854  6.0000000000  0.0540958643  0.0646835748  2.0447271532  0.8983211898  216           0.1869937711 
0.2978997000  0.2859438612  0.2683240463  7.0000000000  0.0540309747  0.0705581423  2.0066806674  1.0457666483  252           0.1870540116 
0.2953279040  0.2877651596  0.2978997000  8.0000000000  0.0601839075  0.0753436801  1.9777019918  0.8673195557  288           0.1871810092 
0.3261894556  0.3005142490  0.3077582512  9.0000000000  0.0696581006  0.0893607802  1.9478758077  0.9054525081  324           0.1871693002 
0.3261894556  0.3159417184  0.3210458637  10.000000000  0.0666211843  0.0889965196  1.9109074738  0.8677043633  360           0.1871542533 
0.3343334762  0.3325476752  0.3394770682  11.000000000  0.0804368158  0.0980910245  1.8978190256  0.7527793149  396           0.1874560051 
0.3266180883  0.3296550246  0.3300471496  12.000000000  0.0875951333  0.1155472679  1.8741057979  0.9587612955  432           0.1873699824 
0.3296185169  0.3187272338  0.3261894556  13.000000000  0.0834187667  0.1037318342  1.8580566380  0.8378824318  468           0.1872925692 
0.3634804972  0.3541889865  0.3643377625  14.000000000  0.0912191735  0.1099761526  1.8245055974  0.7712481618  504           0.1873765323 
0.3750535791  0.3507606600  0.3596228033  15.000000000  0.1014769458  0.1198801067  1.7982657188  0.7413465588  540           0.1877609425 
0.3870552936  0.3553674738  0.3703386198  16.000000000  0.1261112806  0.1272797287  1.7784416013  0.8195195132  576           0.1873610947 
0.3776253751  0.3405828155  0.3403343335  17.000000000  0.1231986251  0.1270594580  1.7519209087  0.7881913152  612           0.1872076790 
0.4359194171  0.3724019713  0.3561937420  18.000000000  0.1175344653  0.1324552132  1.7376812928  0.9085898979  648           0.1870054338 
0.4843549078  0.3878294408  0.3857693956  19.000000000  0.1268973466  0.1389249000  1.7280934453  0.7523239934  684           0.1866590712 
0.4307758251  0.3739018642  0.3780540077  20.000000000  0.1431798389  0.1647279147  1.6825282408  0.8048446452  720           0.1877529952 
0.4119159880  0.3635097493  0.3630518646  21.000000000  0.1596237703  0.1746403078  1.6494419277  0.9578622017  756           0.1867112385 
0.4950707244  0.3908292265  0.4007715388  22.000000000  0.1659312530  0.1731395523  1.6310894158  0.8078393125  792           0.1972241600 
0.4912130304  0.3817227341  0.3789112730  23.000000000  0.1883400944  0.2093012598  1.5733454989  0.7182612850  828           0.1871045166 
0.5855122160  0.4251124920  0.4153450493  24.000000000  0.2093181213  0.2290631731  1.5547934804  0.9190062723  864           0.1872607470 
0.6412344621  0.4252196272  0.4170595799  25.000000000  0.2152655737  0.2388974196  1.4960138698  0.8378646043  900           0.1869765255 
0.6193741963  0.4364688237  0.4406343763  26.000000000  0.2410435230  0.2554844866  1.4646421439  0.8331897540  936           0.1873655121 
0.6695242177  0.4593957574  0.4466352336  27.000000000  0.2437142084  0.2907117572  1.3830377724  0.8565729840  972           0.1869181395 
0.6626660952  0.4512534819  0.4547792542  28.000000000  0.2738237530  0.3103572494  1.3702147504  1.0679576827  1008          0.1872887214 
0.7205315045  0.4737518749  0.4663523360  29.000000000  0.3046603517  0.3290681110  1.3270760212  0.7966983558  1044          0.1879454321 
0.7488212602  0.4882151275  0.4813544792  30.000000000  0.3138263722  0.3488793174  1.2490390605  0.9271431632  1080          0.1873703599 
0.7569652808  0.4942146990  0.4967852550  31.000000000  0.3241368267  0.3781314873  1.1855225397  0.8058150113  1116          0.1875834134 
0.7792541792  0.5336404543  0.5276468067  32.000000000  0.3610951056  0.4050988870  1.1219226751  0.8441500871  1152          0.1878760722 
0.7912558937  0.4985001071  0.5036433776  33.000000000  0.3735184852  0.4190592981  1.0675237891  0.9602906853  1188          0.1869172255 
0.7582511787  0.4799657167  0.4886412345  34.000000000  0.3881894218  0.4338657641  1.0409093118  1.1256808605  1224          0.1874462631 
0.8096870982  0.5524962503  0.5512216031  35.000000000  0.4093542049  0.4460676875  0.9995234443  0.9257522242  1260          0.1870731182 
0.8178311187  0.5779944290  0.5756536648  36.000000000  0.4197828621  0.4620645824  0.9272508538  0.8760309120  1296          0.1874342097 
0.8324046292  0.5662095565  0.5769395628  37.000000000  0.4307240413  0.4675331033  0.8710671978  0.8650680756  1332          0.1873793138 
0.8435490784  0.6012427684  0.6035147878  38.000000000  0.4334548877  0.4878048996  0.8680107908  1.0355375442  1368          0.1872484750 
0.8654093442  0.5823869724  0.5786540934  39.000000000  0.4321824991  0.4808135811  0.8201901101  0.8313604717  1404          0.1874520845 
0.8769824261  0.5943861153  0.5932276039  40.000000000  0.4263403697  0.4671160231  0.7792514563  0.8862913830  1440          0.1873440941 
0.8859837120  0.6341332762  0.6176596657  41.000000000  0.4414427992  0.4912528048  0.7424754997  0.8766052872  1476          0.1875745787 
0.8911273039  0.6281337047  0.6232318903  42.000000000  0.4567106085  0.4780722310  0.7215065658  0.8912865122  1512          0.1874080830 
0.8979854265  0.6357403043  0.6185169310  43.000000000  0.4514326933  0.4940707816  0.6919486506  0.9284168697  1548          0.1877073646 
0.9039862838  0.6329547889  0.6300900129  44.000000000  0.4570739948  0.4826577504  0.6878636181  0.8552703891  1584          0.1874379648 
0.8984140592  0.6480608528  0.6433776254  45.000000000  0.4553166231  0.4868972434  0.6537687878  0.7901724014  1620          0.1877187292 
0.9061294471  0.6480608528  0.6360908701  46.000000000  0.4586476088  0.4719954845  0.6230002244  0.7905904560  1656          0.1872401834 
0.9138448350  0.6627383758  0.6502357480  47.000000000  0.4523032010  0.4948183166  0.5955174383  0.7101235771  1692          0.1875463592 
0.9138448350  0.6757017356  0.6626660952  48.000000000  0.4432650076  0.4697772794  0.5811623318  0.7508419222  1728          0.1876491970 
0.9181311616  0.6423826870  0.6459494213  49.000000000  0.4326386352  0.4764229854  0.5827741176  0.9315417881  1764          0.1873159077 
0.9288469781  0.6774158989  0.6742391770  50.000000000  0.4698467801  0.4825879948  0.5632660091  0.7156399464  1800          0.1872191760 
0.9284183455  0.6773087637  0.6699528504  51.000000000  0.4657125920  0.4830226567  0.5394057673  0.7645828227  1836          0.1872739461 
0.9219888556  0.6918791515  0.6840977282  52.000000000  0.4344475451  0.4602568944  0.5175911941  0.6618783457  1872          0.1871875127 
0.9241320189  0.6844868224  0.6776682383  53.000000000  0.4506469286  0.4567109396  0.5069865576  0.7493340348  1908          0.1876138912 
0.9361337334  0.6969145061  0.6965280754  54.000000000  0.4689906604  0.4689164145  0.5030097655  0.8415086625  1944          0.1871346235 
0.9335619374  0.7080565674  0.7008144021  55.000000000  0.4749008020  0.4882269402  0.4869288347  0.7469088890  1980          0.1877292991 
0.9374196314  0.7056995929  0.6905272182  56.000000000  0.4492731492  0.4755027857  0.4812673628  0.7482748951  2016          0.1864813566 
0.9399914273  0.7193057639  0.7188169739  57.000000000  0.4515942567  0.4584549417  0.4819107511  0.7701409327  2052          0.1870364216 
0.9421345907  0.7188772231  0.7063866267  58.000000000  0.4483656055  0.4529233211  0.4706301515  0.6043294039  2088          0.1871143050 
0.9365623661  0.7166273838  0.7042434634  59.000000000  0.4329920477  0.4565248655  0.4405095635  0.7171719132  2124          0.1869429085 
0.9305615088  0.7108420827  0.6999571367  60.000000000  0.4613546332  0.4339059509  0.4401203841  0.7406989195  2160          0.1871384647 
0.9481354479  0.7338761517  0.7346763823  61.000000000  0.4319822788  0.4588260303  0.4267626413  0.6554170698  2196          0.1874713831 
0.9481354479  0.7250910649  0.7213887698  62.000000000  0.4510299630  0.4452966899  0.4131045466  0.6759654557  2232          0.1873522666 
0.9438491213  0.7364473966  0.7325332190  63.000000000  0.4369858321  0.4371936934  0.4062698161  0.6435560741  2268          0.1872819530 
0.9511358766  0.7425541033  0.7415345049  64.000000000  0.4352310283  0.4228877276  0.3888677814  0.5359615187  2304          0.1952702072 
0.9519931419  0.7414827512  0.7471067295  65.000000000  0.4168997159  0.4286921836  0.3890793009  0.6580760827  2340          0.1870758997 
0.9528504072  0.7385901007  0.7368195456  66.000000000  0.4133260333  0.4326163497  0.4022464247  0.7742124283  2376          0.1868095199 
0.9378482640  0.7274480394  0.7248178311  67.000000000  0.4476335910  0.4530104780  0.3767961504  0.6311898397  2412          0.1866811249 
0.9532790399  0.7551960574  0.7548221174  68.000000000  0.4075146003  0.4279187007  0.3765590762  0.6576109686  2448          0.1872987085 
0.9485640806  0.7736233126  0.7655379340  69.000000000  0.4201139443  0.4423932251  0.3611782781  0.6365377977  2484          0.1870399449 
0.9567081012  0.7631240626  0.7578225461  70.000000000  0.4456674225  0.4499072631  0.3789510214  0.7527582372  2520          0.1873709030 
0.9545649378  0.7795157489  0.7745392199  71.000000000  0.4240460114  0.4124301142  0.3638790366  0.6214138112  2556          0.1869634456 
0.9494213459  0.7741589886  0.7706815259  72.000000000  0.4196227060  0.4247778422  0.3585421931  0.6896935056  2592          0.1874540051 
0.9481354479  0.7785515320  0.7852550364  73.000000000  0.4346739766  0.4300798641  0.3501927083  0.6314913183  2628          0.1867692139 
0.9532790399  0.7843368331  0.7788255465  74.000000000  0.4139961998  0.4282645947  0.3455316358  0.7158846367  2664          0.1870328983 
0.9567081012  0.8026569531  0.8028289756  75.000000000  0.4276931236  0.4213800132  0.3430981793  0.5909369340  2700          0.1869727572 
0.9558508358  0.7950503535  0.7852550364  76.000000000  0.4020866768  0.4146150831  0.3420170289  0.5302098874  2736          0.1869167686 
0.9618516931  0.8091922006  0.8105443635  77.000000000  0.3953021235  0.4257346276  0.3370631718  0.6634991790  2772          0.1869816913 
0.9631375911  0.8128347975  0.8118302615  78.000000000  0.4192423936  0.4321177519  0.3271992455  0.6072808231  2808          0.1868514021 
0.9597085298  0.7992286265  0.7981140163  79.000000000  0.4013507018  0.3926549769  0.3249899281  0.5641061730  2844          0.1870709393 
0.9597085298  0.8187272338  0.8174024861  80.000000000  0.3961045510  0.4192761895  0.3163060426  0.5593052184  2880          0.1872431636 
0.9622803258  0.8290122134  0.8238319760  81.000000000  0.3964507033  0.4050305006  0.3039243296  0.5229709976  2916          0.1875197556 
0.9614230604  0.8334047568  0.8379768538  82.000000000  0.4074578368  0.3932249447  0.3149934614  0.6145756510  2952          0.1872862114 
0.9669952850  0.8451896293  0.8418345478  83.000000000  0.4027781420  0.3840038760  0.3011473463  0.5241573196  2988          0.1866238183 
0.9605657951  0.8536533105  0.8448349764  84.000000000  0.3939662841  0.4020984372  0.2899798461  0.5689030853  3024          0.1871902148 
0.9609944278  0.8467966574  0.8469781397  85.000000000  0.3998759836  0.3894656416  0.2996309830  0.6934929821  3060          0.1868049039 
0.9605657951  0.8616884508  0.8529789970  86.000000000  0.3920425276  0.3672520965  0.2831733388  0.4986601257  3096          0.1972159280 
0.9639948564  0.8596528819  0.8581225889  87.000000000  0.3989196585  0.3862290714  0.2833082486  0.5430879171  3132          0.1943734818 
0.9699957137  0.8636168845  0.8602657523  88.000000000  0.3864182598  0.3569203036  0.2724974681  0.5313971887  3168          0.1867460608 
0.9661380197  0.8668309406  0.8735533648  89.000000000  0.3800272925  0.3604351580  0.2658800239  0.5262583180  3204          0.1868629985 
0.9691384483  0.8619027212  0.8534076297  90.000000000  0.3982989093  0.3797772908  0.2736472769  0.5992335594  3240          0.1866509848 
0.9657093871  0.8562245554  0.8486926704  91.000000000  0.3906307717  0.3850539062  0.2789015571  0.6419337615  3276          0.1870722373 
0.9682811830  0.8720805657  0.8679811402  92.000000000  0.4062825491  0.3611752523  0.2720660605  0.5994929630  3312          0.1868007779 
0.9674239177  0.8730447825  0.8769824261  93.000000000  0.3874456154  0.3708096147  0.2511044132  0.5598018078  3348          0.1871420079 
0.9708529790  0.8808656525  0.8829832833  94.000000000  0.3633232084  0.3601953288  0.2509106046  0.5247855037  3384          0.1871873869 
0.9665666524  0.8808656525  0.8825546507  95.000000000  0.3746689459  0.3585241122  0.2455442626  0.6479044565  3420          0.1868239906 
0.9708529790  0.8806513820  0.8718388341  96.000000000  0.3846028364  0.3403659628  0.2426391434  0.5301411566  3456          0.1872674425 
0.9729961423  0.8777587315  0.8722674668  97.000000000  0.3995525108  0.3607492414  0.2444370132  0.5136439544  3492          0.1877905528 
0.9725675096  0.8927576602  0.8902700386  98.000000000  0.3577679594  0.3582681583  0.2324277705  0.4923427213  3528          0.1872752441 
0.9708529790  0.8804371116  0.8778396914  99.000000000  0.3700826665  0.3572707441  0.2387574315  0.5625854996  3564          0.1867900689 
0.9699957137  0.8921148489  0.8924132019  99.972222222  0.3777844889  0.3634756139  0.2305531255  0.4929784587  3599          0.1866307531 
