Environment:
	Python: 3.8.10
	PyTorch: 1.10.0+cu113
	Torchvision: 0.11.1+cu113
	CUDA: 11.3
	CUDNN: 8200
	NumPy: 1.21.4
	PIL: 8.4.0
Args:
	algorithm: KL_GP
	checkpoint_freq: None
	data_dir: /root/data
	dataset: RotatedMNIST
	epochs: None
	holdout_fraction: 0.2
	hparams: None
	hparams_seed: 15
	output_dir: ./results_sweep_kl_gp_1/2278cbadd507b53a1248fda536bafded
	save_model_every_checkpoint: False
	seed: 712866122
	skip_model_save: False
	steps: None
	task: domain_adaptation
	test_envs: [2]
	train_envs: [0]
	trial_seed: 0
	uda_holdout_fraction: 0
HParams:
	augment_softmax: 0.0
	batch_size: 64
	class_balanced: False
	data_augmentation: True
	grad_penalty: 0.35802351332996357
	kl_reg: 0.1266642136802151
	kl_reg_aux: 0.7890435770518913
	lr: 0.00039475371044700317
	nonlinear_classifier: False
	num_samples: 20
	resnet18: True
	resnet_dropout: 0.0
	specify_zdim: True
	weight_decay: 0.0
	z_dim: 128
cuda
/root/miniconda3/lib/python3.8/site-packages/torchvision/transforms/functional.py:984: UserWarning: Argument resample is deprecated and will be removed since v0.10.0. Please, use interpolation instead
  warnings.warn(
env0_out_acc  env2_in_acc   env2_out_acc  epoch         kl            kl_aux        loss          penalty       step          step_time    
0.0848692670  0.0872080566  0.0870124303  0.0000000000  0.2584700584  0.2211216688  2.4143855572  184.90544128  0             0.1314442158 
0.1063009001  0.1049925005  0.1088726961  1.0000000000  0.0169922693  0.0200333930  2.3924021917  5.8900838013  146           0.0281866756 
0.1011573082  0.1146346690  0.1170167167  2.0000000000  0.0128044731  0.0138468057  2.3686227211  2.1015911666  292           0.0280660440 
0.1213030433  0.1142061281  0.1290184312  3.0000000000  0.0139324012  0.0124945094  2.3542565091  1.7281532059  438           0.0280626506 
0.1174453493  0.1091707735  0.1238748393  4.0000000000  0.0101156365  0.0109355948  2.3402607572  1.5082631046  584           0.0278736533 
0.1341620231  0.1383115492  0.1320188598  5.0000000000  0.0078504829  0.0082231237  2.3360851399  1.3913987973  730           0.0280017249 
0.1350192885  0.1389543604  0.1268752679  6.0000000000  0.0100826695  0.0095119223  2.3318336614  1.2905711074  876           0.0281460171 
0.1423060437  0.1371330619  0.1448778397  7.0000000000  0.0082433942  0.0069759537  2.3235507534  1.1980931845  1022          0.0281782346 
0.1667381054  0.1548103707  0.1663094728  8.0000000000  0.0078822840  0.0081567454  2.3150466779  1.1214351699  1168          0.0278811536 
0.1795970853  0.1631669166  0.1804543506  9.0000000000  0.0074955054  0.0067762185  2.3025391232  1.0536177265  1314          0.0280370647 
0.1843120446  0.1808442254  0.1860265752  10.000000000  0.0069093974  0.0063640794  2.3064718279  1.0116320338  1460          0.0282998591 
0.2048864123  0.2051639169  0.2036005144  11.000000000  0.0062082598  0.0074599696  2.2963094548  0.9734866733  1606          0.0278941752 
0.2306043721  0.2242339833  0.2383197600  12.000000000  0.0068463936  0.0065430558  2.2854553755  0.9304630969  1752          0.0279673550 
0.2220317188  0.2285193915  0.2276039434  13.000000000  0.0079499736  0.0068767136  2.2794693970  0.9151801010  1898          0.0279447902 
0.2301757394  0.2291622027  0.2378911273  14.000000000  0.0097539204  0.0066548504  2.2702810176  0.8843436192  2044          0.0281774491 
0.2241748821  0.2276623098  0.2241748821  15.000000000  0.0099882271  0.0107785055  2.2585862548  0.8703229431  2190          0.0294641599 
0.2177453922  0.2261624170  0.2263180454  16.000000000  0.0085544039  0.0115157382  2.2461544520  0.8389181580  2336          0.0278358704 
0.2134590656  0.2226269552  0.2190312902  17.000000000  0.0137076133  0.0113899487  2.2336423397  0.8263550437  2482          0.0279242356 
0.2113159023  0.2187700879  0.2198885555  18.000000000  0.0119703020  0.0171387416  2.2151680205  0.8136700253  2628          0.0283741396 
0.2061723103  0.2203771159  0.2181740249  19.000000000  0.0224576094  0.0222362819  2.1816603386  0.8117849631  2774          0.0284158089 
0.2053150450  0.2110563531  0.2104586369  20.000000000  0.0191813046  0.0218979529  2.1670576857  0.8129524119  2920          0.0282918362 
0.2070295757  0.2130919220  0.2156022289  21.000000000  0.0297717223  0.0293267345  2.1371944261  0.7854290209  3066          0.0284410323 
0.2066009430  0.2168416542  0.2177453922  22.000000000  0.0289357754  0.0340032716  2.1161611848  0.7819468322  3212          0.0282636456 
0.2173167595  0.2196271695  0.2224603515  23.000000000  0.0331303665  0.0389244320  2.0843559406  0.7847601812  3358          0.0283053166 
0.2220317188  0.2288407971  0.2198885555  24.000000000  0.0334993846  0.0408731054  2.0636964122  0.7589189827  3504          0.0328067508 
0.2203171882  0.2321619884  0.2233176168  25.000000000  0.0444114625  0.0509040192  2.0401523317  0.7558649199  3650          0.0273416581 
0.2336048007  0.2396614528  0.2327475354  26.000000000  0.0451277723  0.0497997362  2.0181856564  0.7478548917  3796          0.0285976472 
0.2301757394  0.2361259910  0.2271753108  27.000000000  0.0494052498  0.0541666509  2.0021393275  0.7009197294  3942          0.0281285799 
0.2357479640  0.2416970216  0.2417488213  28.000000000  0.0464338717  0.0532993911  1.9919547120  0.7115802704  4088          0.0279200191 
0.2524646378  0.2603385472  0.2666095156  29.000000000  0.0540155621  0.0555045360  1.9897672836  0.6794874211  4234          0.0278528700 
0.2606086584  0.2628026570  0.2584654951  30.000000000  0.0515828410  0.0627813919  1.9819284016  0.6581378698  4380          0.0284442281 
0.2631804544  0.2648382258  0.2640377197  31.000000000  0.0541791736  0.0647505963  1.9456348182  0.6294621060  4526          0.0278853668 
0.2661808830  0.2633383330  0.2576082297  32.000000000  0.0516717965  0.0570664438  1.9498608945  0.6187011820  4672          0.0277913401 
0.2760394342  0.2778015856  0.2648949850  33.000000000  0.0651405674  0.0721810019  1.9425705769  0.6169685260  4818          0.0276930006 
0.2691813116  0.2740518534  0.2708958423  34.000000000  0.0507283656  0.0574684547  1.9347820845  0.5983691695  4964          0.0281108144 
0.2880411487  0.2875508892  0.2858979854  35.000000000  0.0681662580  0.0688820000  1.9314732576  0.5722131929  5110          0.0277126979 
0.2726103729  0.2780158560  0.2773253322  36.000000000  0.0607510242  0.0677692041  1.9154365561  0.5668456324  5256          0.0277160635 
0.2858979854  0.2840154275  0.2897556794  37.000000000  0.0589850708  0.0644164008  1.9165332358  0.5636949766  5402          0.0278700362 
0.2944706387  0.2969787872  0.2931847407  38.000000000  0.0687928510  0.0676669572  1.9235058108  0.5163285495  5548          0.0277106386 
0.2858979854  0.2841225627  0.2837548221  39.000000000  0.0562350713  0.0729268410  1.9082952901  0.5202559731  5694          0.0276630382 
0.2974710673  0.2930147847  0.2893270467  40.000000000  0.0623010834  0.0703403680  1.9029407730  0.5021314886  5840          0.0278196596 
0.2846120874  0.2925862438  0.2863266181  41.000000000  0.0725906810  0.0792772880  1.9132290850  0.5142634221  5986          0.0281574563 
0.2910415774  0.2926933790  0.2996142306  42.000000000  0.0655810527  0.0719091725  1.9048503694  0.4663160311  6132          0.0278036121 
0.2807543935  0.2887293765  0.2927561080  43.000000000  0.0761927958  0.0792188212  1.8835358179  0.4684820485  6278          0.0276954958 
0.2906129447  0.2920505678  0.2880411487  44.000000000  0.0721974385  0.0670268429  1.8949632277  0.4486084874  6424          0.0278862829 
0.2914702100  0.2969787872  0.2936133733  45.000000000  0.0693751255  0.0693243913  1.8696797033  0.4518836718  6570          0.0281866511 
0.3047578225  0.3023355475  0.3103300471  46.000000000  0.0732315138  0.0827544670  1.8665690169  0.4312666422  6716          0.0276943723 
0.3090441492  0.3110134990  0.3176168024  47.000000000  0.0662894000  0.0681689708  1.8796163797  0.4485148391  6862          0.0277313598 
0.3107586798  0.3060852796  0.3034719246  48.000000000  0.0717211523  0.0860584566  1.8696112225  0.4288593202  7008          0.0278927088 
0.3146163738  0.3059781444  0.3094727818  49.000000000  0.0739430528  0.0869639422  1.8601098436  0.4109051558  7154          0.0283245959 
0.3073296185  0.3096207414  0.3111873125  50.000000000  0.0683303951  0.0772268852  1.8518057392  0.4055809781  7300          0.0279837487 
0.3103300471  0.3113349046  0.3060437205  51.000000000  0.0683762266  0.0727546084  1.8591930678  0.4065000031  7446          0.0280672720 
0.3064723532  0.3070494965  0.3056150879  52.000000000  0.0666650093  0.0779795704  1.8429101444  0.4070349736  7592          0.0284879795 
0.3133304758  0.3115491751  0.3111873125  53.000000000  0.0813429815  0.0882287162  1.8470254957  0.3948085247  7738          0.0279282119 
0.2957565366  0.3066209556  0.3026146592  54.000000000  0.0785396056  0.0828385110  1.8388585685  0.3900638494  7884          0.0277899683 
0.3167595371  0.3105849582  0.3099014145  55.000000000  0.0819629439  0.0826972635  1.8387182616  0.3810804094  8030          0.0275925447 
0.3073296185  0.3133704735  0.3133304758  56.000000000  0.0783710104  0.0901017346  1.8189890948  0.3834828430  8176          0.0280563227 
0.3077582512  0.3107992286  0.3086155165  57.000000000  0.0726315555  0.0835002185  1.8483210165  0.3719873838  8322          0.0279348925 
0.3030432919  0.3031926291  0.3009001286  58.000000000  0.0696396501  0.0834051136  1.8304372095  0.3719296282  8468          0.0278083445 
0.3193313330  0.3152989072  0.3120445778  59.000000000  0.0805350595  0.0826221455  1.8283655537  0.3540015850  8614          0.0276057622 
0.3253321903  0.3199057210  0.3296185169  60.000000000  0.0800160841  0.0841648146  1.8040938034  0.3598219234  8760          0.0283211388 
0.3317616802  0.3266552389  0.3270467210  61.000000000  0.0779736129  0.0847067612  1.7926950430  0.3579878646  8906          0.0278570619 
0.3206172310  0.3169059353  0.3133304758  62.000000000  0.0748451296  0.0758474690  1.8082257958  0.3614917670  9052          0.0282714710 
0.3437633948  0.3284765374  0.3279039863  63.000000000  0.0838241878  0.0927911871  1.7583601189  0.3591665065  9198          0.0278138755 
0.3514787827  0.3336190272  0.3394770682  64.000000000  0.0767266703  0.0847827925  1.7543319774  0.3631589178  9344          0.0281687420 
0.3531933133  0.3365116777  0.3399057008  65.000000000  0.0749961512  0.0807625546  1.7622659933  0.3594089999  9490          0.0278334830 
0.3587655379  0.3442254125  0.3416202315  66.000000000  0.0764149307  0.0835771143  1.7419115917  0.3831610010  9636          0.0277671634 
0.3711958851  0.3568673666  0.3549078440  67.000000000  0.0732393782  0.0868029376  1.7265200003  0.3621025972  9782          0.0276211680 
0.3750535791  0.3596528819  0.3613373339  68.000000000  0.0819728902  0.0891494361  1.7301785701  0.3964321492  9928          0.0282174381 
0.3596228033  0.3454038997  0.3471924561  69.000000000  0.0773898684  0.0800877472  1.7187417386  0.3936869834  10074         0.0277083557 
0.3861980283  0.3680094279  0.3789112730  70.000000000  0.0843619559  0.0831255684  1.7242159174  0.3594810096  10220         0.0275347543 
0.3759108444  0.3651167774  0.3630518646  71.000000000  0.0885687223  0.0862971099  1.6845593820  0.3980713947  10366         0.0277616439 
0.4093441920  0.3824726805  0.3896270896  72.000000000  0.0847876264  0.0923211266  1.6804721143  0.3738196037  10512         0.0281969358 
0.3797685384  0.3636168845  0.3553364766  73.000000000  0.0909444004  0.1027710877  1.6473265421  0.3956376063  10658         0.0277764356 
0.4046292327  0.3775444611  0.3896270896  74.000000000  0.0951560907  0.0889702073  1.6463811961  0.3873337638  10804         0.0278878359 
0.3964852122  0.3682236983  0.3617659666  75.000000000  0.0983335640  0.1008882702  1.6193367765  0.4014563029  10950         0.0278133056 
0.4170595799  0.3891150632  0.3969138448  76.000000000  0.1071445725  0.1050388809  1.6235092707  0.3892613895  11096         0.0278232996 
0.4470638663  0.4041139919  0.4097728247  77.000000000  0.1010704331  0.0970751827  1.6234348098  0.3956307015  11242         0.0278869851 
0.4127732533  0.3882579816  0.3930561509  78.000000000  0.0936683936  0.1039313248  1.6098548623  0.4081858334  11388         0.0278030912 
0.4217745392  0.3835440326  0.3879125589  79.000000000  0.1021619803  0.0987631752  1.6005001983  0.4026791707  11534         0.0279133989 
0.4294899271  0.3926505250  0.3947706815  80.000000000  0.1054959274  0.1045973513  1.5682299480  0.3742341470  11680         0.0279773621 
0.4372053150  0.4013284765  0.4140591513  81.000000000  0.1095479733  0.1063810553  1.5632168479  0.3807215307  11826         0.0279357433 
0.4393484784  0.4019712878  0.4084869267  82.000000000  0.0972212614  0.0966682002  1.5852110272  0.4095551804  11972         0.0275580262 
0.4466352336  0.3992929076  0.4123446207  83.000000000  0.1102128874  0.1084196035  1.5516111565  0.3963153738  12118         0.0274810546 
0.4654950707  0.4088279409  0.4204886412  84.000000000  0.1070426467  0.1072575226  1.5492959717  0.3907510817  12264         0.0277005352 
0.4714959280  0.4142918363  0.4243463352  85.000000000  0.0968459725  0.1009788935  1.5344399108  0.4102631236  12410         0.0277099038 
0.4663523360  0.4187915149  0.4337762538  86.000000000  0.1038666952  0.1047136428  1.5215677039  0.3694709185  12556         0.0276985691 
0.4804972139  0.4228626527  0.4179168453  87.000000000  0.1126180712  0.1105367931  1.5201694239  0.4012263668  12702         0.0276488784 
0.4873553365  0.4281122777  0.4269181312  88.000000000  0.1145777938  0.1134433286  1.5031225306  0.3914590448  12848         0.0278417607 
0.4706386627  0.4112920506  0.4127732533  89.000000000  0.1162695897  0.1121046154  1.4999252492  0.4030288497  12994         0.0277257896 
0.4877839691  0.4356117420  0.4380625804  90.000000000  0.1118747238  0.1188046200  1.4924472325  0.4017840086  13140         0.0275768629 
0.5040720103  0.4454681808  0.4560651522  91.000000000  0.1159467238  0.1223752846  1.4793723577  0.4164431855  13286         0.0276160812 
0.5229318474  0.4481465610  0.4462066009  92.000000000  0.1218606745  0.1146662545  1.4654244029  0.3888257736  13432         0.0276303814 
0.5122160309  0.4647525177  0.4654950707  93.000000000  0.1252163091  0.1262872955  1.4537642092  0.4056774793  13578         0.0275895645 
0.5242177454  0.4616455967  0.4629232748  94.000000000  0.1170853913  0.1112659578  1.4489161070  0.4266791109  13724         0.0275590779 
0.5186455208  0.4434326120  0.4530647235  95.000000000  0.1273500970  0.1222298141  1.4457473143  0.4149680765  13870         0.0281887724 
0.5289327047  0.4848939361  0.4817831119  96.000000000  0.1245253028  0.1202951668  1.4342945145  0.4150056495  14016         0.0276375846 
0.5207886841  0.4688236555  0.4684954994  97.000000000  0.1322354885  0.1310864979  1.4401621704  0.4254530303  14162         0.0275795835 
0.5687955422  0.4945361046  0.4903557651  98.000000000  0.1349726878  0.1304142307  1.4030247723  0.4225714966  14308         0.0276623523 
0.5520788684  0.4832869081  0.4804972139  99.000000000  0.1315768770  0.1278089340  1.4009249080  0.4404576563  14454         0.0278727600 
0.5700814402  0.5148917934  0.5135019288  99.993150684  0.1317132801  0.1243309804  1.3985779581  0.4286459500  14599         0.0280769480 
