Environment:
	Python: 3.8.10
	PyTorch: 1.10.0+cu113
	Torchvision: 0.11.1+cu113
	CUDA: 11.3
	CUDNN: 8200
	NumPy: 1.21.4
	PIL: 8.4.0
Args:
	algorithm: KL_GP
	checkpoint_freq: None
	data_dir: /root/data
	dataset: RotatedMNIST
	epochs: None
	holdout_fraction: 0.2
	hparams: None
	hparams_seed: 17
	output_dir: ./results_sweep_kl_gp_1/d1554619c8a568813df1dc664233772a
	save_model_every_checkpoint: False
	seed: 1406266391
	skip_model_save: False
	steps: None
	task: domain_adaptation
	test_envs: [4]
	train_envs: [0]
	trial_seed: 2
	uda_holdout_fraction: 0
HParams:
	augment_softmax: 0.05
	batch_size: 128
	class_balanced: False
	data_augmentation: True
	grad_penalty: 7.0702453738565705
	kl_reg: 0.39344059318722513
	kl_reg_aux: 0.015779265188576735
	lr: 0.0004746092051168936
	nonlinear_classifier: True
	num_samples: 20
	resnet18: True
	resnet_dropout: 0.1
	specify_zdim: True
	weight_decay: 0.0
	z_dim: 256
cuda
/root/miniconda3/lib/python3.8/site-packages/torchvision/transforms/functional.py:984: UserWarning: Argument resample is deprecated and will be removed since v0.10.0. Please, use interpolation instead
  warnings.warn(
env0_out_acc  env4_in_acc   env4_out_acc  epoch         kl            kl_aux        loss          penalty       step          step_time    
0.0994427775  0.1021107897  0.0942991856  0.0000000000  0.9361079931  0.7553412914  2.3049681187  89.318725585  0             0.1756684780 
0.0977282469  0.0932176149  0.0960137162  1.0000000000  0.0541023441  0.0509601391  2.7484418856  1.7187664019  73            0.0731315025 
0.0977282469  0.0932176149  0.0960137162  2.0000000000  0.0111828455  0.0127886991  2.7539924367  0.1293846020  146           0.0724025948 
0.0977282469  0.0932176149  0.0960137162  3.0000000000  0.0090368823  0.0102612858  2.7539924563  0.0912489311  219           0.0726452690 
0.0977282469  0.0932176149  0.0960137162  4.0000000000  0.0074151313  0.0081688574  2.7475768769  0.0652509124  292           0.0719211363 
0.0977282469  0.0932176149  0.0960137162  5.0000000000  0.0091323934  0.0103355875  2.7570719752  0.0547205325  365           0.0720002096 
0.0977282469  0.0932176149  0.0960137162  6.0000000000  0.0058032552  0.0071097645  2.7501431720  0.0450379325  438           0.0727361392 
0.0977282469  0.0932176149  0.0960137162  7.0000000000  0.0052476044  0.0062125889  2.7552756447  0.0370426388  511           0.0724826055 
0.0977282469  0.0932176149  0.0960137162  8.0000000000  0.0049819391  0.0061281511  2.7606647080  0.0306550576  584           0.0718992998 
0.0977282469  0.0932176149  0.0960137162  9.0000000000  0.0035960119  0.0046581226  2.7475768834  0.0252626630  657           0.0726393771 
0.0977282469  0.0932176149  0.0960137162  10.000000000  0.0051519071  0.0060850725  2.7660538203  0.0216840701  730           0.0731470324 
0.0977282469  0.0932176149  0.0960137162  11.000000000  0.0035985120  0.0047275024  2.7634875840  0.0190067374  803           0.0736582638 
0.0977282469  0.0932176149  0.0960137162  12.000000000  0.0031095041  0.0058111377  2.7565587285  0.0170397308  876           0.0722274290 
0.0977282469  0.0932176149  0.0960137162  13.000000000  0.0028894029  0.0028116605  2.7496298797  0.0139437852  949           0.0719239157 
0.0977282469  0.0932176149  0.0960137162  14.000000000  0.0026515673  0.0024848931  2.7519395123  0.0131796006  1022          0.0718824929 
0.0977282469  0.0932176149  0.0960137162  15.000000000  0.0038816635  0.0025581530  2.7486034125  0.0125164329  1095          0.0718724728 
0.0977282469  0.0932176149  0.0960137162  16.000000000  0.0036353085  0.0018616751  2.7539924693  0.0112209192  1168          0.0718232377 
0.0977282469  0.0932176149  0.0960137162  17.000000000  0.0011734881  0.0015867965  2.7596381952  0.0100906306  1241          0.0717771478 
0.0977282469  0.0932176149  0.0960137162  18.000000000  0.0020544643  0.0018545144  2.7498864834  0.0098152639  1314          0.0720345288 
0.0977282469  0.0932176149  0.0960137162  19.000000000  0.0016154737  0.0023353835  2.7493732335  0.0083857371  1387          0.0716778938 
0.0977282469  0.0932176149  0.0960137162  20.000000000  0.0006571943  0.0004732348  2.7611779807  0.0069488558  1460          0.0723854842 
0.0977282469  0.0932176149  0.0960137162  21.000000000  0.0011977904  0.0020642983  2.7632309803  0.0071163070  1533          0.0721057278 
0.0977282469  0.0932176149  0.0960137162  22.000000000  0.0008466440  0.0009641468  2.7563021052  0.0067040041  1606          0.0716370654 
0.0977282469  0.0932176149  0.0960137162  23.000000000  0.0008612267  0.0012955029  2.7524527491  0.0055576388  1679          0.0717429951 
0.0977282469  0.0932176149  0.0960137162  24.000000000  0.0011155442  0.0010342712  2.7568153910  0.0055203630  1752          0.0720759418 
0.0977282469  0.0932176149  0.0960137162  25.000000000  0.0008456544  0.0003083340  2.7565587579  0.0047069499  1825          0.0714554950 
0.0977282469  0.0932176149  0.0960137162  26.000000000  0.0008048211  0.0007483077  2.7480901594  0.0045889580  1898          0.0718988719 
0.0977282469  0.0932176149  0.0960137162  27.000000000  0.0010286014  0.0008745471  2.7578418288  0.0042467716  1971          0.0714629578 
0.0977282469  0.0932176149  0.0960137162  28.000000000  0.0002410265  0.0001699810  2.7586117019  0.0034638180  2044          0.0715297803 
0.0977282469  0.0932176149  0.0960137162  29.000000000  0.0003376905  0.0009974372  2.7470636041  0.0035840966  2117          0.0717713016 
0.0977282469  0.0932176149  0.0960137162  30.000000000  0.0007713413  0.0008825456  2.7591249747  0.0034515264  2190          0.0713228722 
0.0977282469  0.0932176149  0.0960137162  31.000000000  0.0007683872  0.0001422428  2.7632309901  0.0030902695  2263          0.0714589537 
0.0977282469  0.0932176149  0.0960137162  32.000000000  0.0000904096  0.0005621632  2.7503997300  0.0029198986  2336          0.0717401439 
0.0977282469  0.0932176149  0.0960137162  33.000000000  0.0003489534  0.0001367429  2.7601514353  0.0029089613  2409          0.0719910419 
0.0977282469  0.0932176149  0.0960137162  34.000000000  0.0005355910  0.0008010603  2.7696466250  0.0027631454  2482          0.0718965694 
0.0977282469  0.0932176149  0.0960137162  35.000000000  0.0001995123  0.0003000335  2.7457805594  0.0023973234  2555          0.0720358907 
0.0977282469  0.0932176149  0.0960137162  36.000000000  0.0005589087  -0.000126712  2.7604081761  0.0024193408  2628          0.0719777101 
0.0977282469  0.0932176149  0.0960137162  37.000000000  -0.000035406  0.0000029492  2.7591249616  0.0024316859  2701          0.0720420276 
0.0977282469  0.0932176149  0.0960137162  38.000000000  0.0005119239  0.0004264394  2.7539925053  0.0022689392  2774          0.0718906383 
0.0977282469  0.0932176149  0.0960137162  39.000000000  0.0004755601  0.0000787288  2.7503997626  0.0022710046  2847          0.0714437504 
0.0977282469  0.0932176149  0.0960137162  40.000000000  -0.000022226  0.0000095808  2.7563020791  0.0020445053  2920          0.0713637104 
0.0977282469  0.0932176149  0.0960137162  41.000000000  0.0004657589  0.0001249705  2.7527094083  0.0020054611  2993          0.0723245862 
0.0977282469  0.0932176149  0.0960137162  42.000000000  0.0003428802  0.0001363950  2.7465503771  0.0018959716  3066          0.0721651397 
0.0977282469  0.0932176149  0.0960137162  43.000000000  0.0004235784  0.0001651392  2.7511695868  0.0016936079  3139          0.0718008459 
0.0977282469  0.0932176149  0.0960137162  44.000000000  0.0001942719  0.0001522384  2.7552756447  0.0015323674  3212          0.0727059613 
0.0977282469  0.0932176149  0.0960137162  45.000000000  0.0003359514  0.0001204863  2.7524527360  0.0015182304  3285          0.0725979413 
0.0977282469  0.0932176149  0.0960137162  46.000000000  0.0001918861  0.0003209473  2.7514261971  0.0013302811  3358          0.0727229968 
0.0977282469  0.0932176149  0.0960137162  47.000000000  0.0000147264  0.0001202234  2.7550190050  0.0013654734  3431          0.0725164413 
0.0977282469  0.0932176149  0.0960137162  48.000000000  -0.000018283  0.0001268452  2.7763188212  0.0012629533  3504          0.0725891623 
0.0977282469  0.0932176149  0.0960137162  49.000000000  0.0000495094  0.0001466470  2.7696466348  0.0013147413  3577          0.0729311427 
0.0977282469  0.0932176149  0.0960137162  50.000000000  0.0000838760  0.0000509905  2.7593816111  0.0010942729  3650          0.0724639207 
0.0977282469  0.0932176149  0.0960137162  51.000000000  0.0001235988  -0.000028997  2.7468069710  0.0010229343  3723          0.0727434322 
0.0977282469  0.0932176149  0.0960137162  52.000000000  0.0000553784  -0.000187686  2.7506563827  0.0010461349  3796          0.0729906134 
0.0977282469  0.0932176149  0.0960137162  53.000000000  -0.000055175  0.0000099842  2.7437275044  0.0010701501  3869          0.0729494323 
0.0977282469  0.0932176149  0.0960137162  54.000000000  -0.000011342  0.0001975494  2.7568153780  0.0009651799  3942          0.0725325852 
0.0977282469  0.0932176149  0.0960137162  55.000000000  0.0000914613  0.0000765601  2.7478335361  0.0009083729  4015          0.0728085988 
0.0977282469  0.0932176149  0.0960137162  56.000000000  0.0000618696  0.0001539727  2.7478335198  0.0008141804  4088          0.0726946315 
0.0977282469  0.0932176149  0.0960137162  57.000000000  -0.000116509  0.0000672128  2.7460371501  0.0009048707  4161          0.0729036135 
0.0977282469  0.0932176149  0.0960137162  58.000000000  0.0000304735  -0.000089320  2.7460371142  0.0010041604  4234          0.0727868864 
0.0977282469  0.0932176149  0.0960137162  59.000000000  0.0001298124  0.0000886035  2.7427010634  0.0010496503  4307          0.0725509043 
0.0977282469  0.0932176149  0.0960137162  60.000000000  0.0001709510  0.0000124990  2.7550189756  0.0008042696  4380          0.0724877397 
0.0977282469  0.0932176149  0.0960137162  61.000000000  0.0001532623  0.0001727326  2.7542490731  0.0008651550  4453          0.0727103246 
0.0977282469  0.0932176149  0.0960137162  62.000000000  0.0001137208  0.0000721233  2.7529659859  0.0007161561  4526          0.0800276456 
0.0977282469  0.0932176149  0.0960137162  63.000000000  0.0000360992  -0.000047892  2.7447540564  0.0005726330  4599          0.0730871207 
0.0977282469  0.0932176149  0.0960137162  64.000000000  -0.000002655  0.0000736468  2.7699031765  0.0005514051  4672          0.0727766115 
0.0977282469  0.0932176149  0.0960137162  65.000000000  0.0000590511  0.0000149861  2.7678501933  0.0005787106  4745          0.0734170594 
0.0977282469  0.0932176149  0.0960137162  66.000000000  0.0001243810  -0.000016677  2.7563021150  0.0006637327  4818          0.0729859594 
0.0977282469  0.0932176149  0.0960137162  67.000000000  0.0000795355  -0.000019659  2.7606648060  0.0005399496  4891          0.0725804812 
0.0977282469  0.0932176149  0.0960137162  68.000000000  0.0000620362  0.0000678480  2.7514262069  0.0004358899  4964          0.0726985050 
0.0977282469  0.0932176149  0.0960137162  69.000000000  -0.000028649  0.0000496972  2.7486033603  0.0004919340  5037          0.0728928716 
0.0977282469  0.0932176149  0.0960137162  70.000000000  0.0001421448  -0.000054192  2.7501430838  0.0005228584  5110          0.0728092161 
0.0977282469  0.0932176149  0.0960137162  71.000000000  -0.000075061  0.0000830644  2.7555322059  0.0005030697  5183          0.0725786915 
0.0977282469  0.0932176149  0.0960137162  72.000000000  -0.000011457  -0.000054932  2.7683634758  0.0004684806  5256          0.0733537609 
0.0977282469  0.0932176149  0.0960137162  73.000000000  0.0000391170  0.0000044287  2.7604081565  0.0004194307  5329          0.0729487628 
0.0977282469  0.0932176149  0.0960137162  74.000000000  0.0000129595  0.0000215899  2.7565587939  0.0004197323  5402          0.0729727027 
0.0977282469  0.0932176149  0.0960137162  75.000000000  -0.000036120  0.0000419943  2.7555322125  0.0004372781  5475          0.0730618451 
0.0977282469  0.0932176149  0.0960137162  76.000000000  0.0000215295  0.0000091448  2.7542491351  0.0003773557  5548          0.0733088337 
0.0977282469  0.0932176149  0.0960137162  77.000000000  0.0000074416  -0.000080627  2.7488600130  0.0003745025  5621          0.0729396735 
0.0977282469  0.0932176149  0.0960137162  78.000000000  0.0000026438  -0.000070805  2.7457805333  0.0003967063  5694          0.0727257631 
0.0977282469  0.0932176149  0.0960137162  79.000000000  0.0000194948  0.0000883814  2.7596381821  0.0003790694  5767          0.0724928020 
0.0977282469  0.0932176149  0.0960137162  80.000000000  -0.000078751  0.0000023777  2.7627177173  0.0003763231  5840          0.0783249385 
0.0977282469  0.0932176149  0.0960137162  81.000000000  0.0000255483  -0.000030883  2.7483467435  0.0003811696  5913          0.0725622308 
0.0977282469  0.0932176149  0.0960137162  82.000000000  0.0000109019  -0.000023518  2.7563021804  0.0003318217  5986          0.0727266612 
0.0977282469  0.0932176149  0.0960137162  83.000000000  0.0000222154  0.0000679673  2.7534792097  0.0003390964  6059          0.0725669469 
0.0977282469  0.0932176149  0.0960137162  84.000000000  0.0000173719  0.0000199275  2.7480901561  0.0002925196  6132          0.0711076619 
0.0977282469  0.0932176149  0.0960137162  85.000000000  0.0000271373  -0.000015609  2.7370552821  0.0002596320  6205          0.0711683704 
0.0977282469  0.0932176149  0.0960137162  86.000000000  -0.000006974  0.0000296945  2.7645140543  0.0002301474  6278          0.0710804364 
0.0977282469  0.0932176149  0.0960137162  87.000000000  0.0000569004  0.0000333688  2.7470636107  0.0002425995  6351          0.0713993229 
0.0977282469  0.0932176149  0.0960137162  88.000000000  0.0000044156  -0.000014032  2.7614345975  0.0002316532  6424          0.0708853676 
0.0977282469  0.0932176149  0.0960137162  89.000000000  0.0000551057  -0.000019501  2.7534792456  0.0002223844  6497          0.0712326520 
0.0977282469  0.0932176149  0.0960137162  90.000000000  0.0000322045  0.0000018878  2.7465503477  0.0002201664  6570          0.0712529633 
0.0977282469  0.0932176149  0.0960137162  91.000000000  -0.000031961  -0.000000362  2.7614345616  0.0001961319  6643          0.0712799275 
0.0977282469  0.0932176149  0.0960137162  92.000000000  -0.000004126  0.0000080066  2.7563021542  0.0002042237  6716          0.0713868664 
0.0977282469  0.0932176149  0.0960137162  93.000000000  -0.000062759  0.0000228310  2.7696465107  0.0002259435  6789          0.0711929406 
0.0977282469  0.0932176149  0.0960137162  94.000000000  0.0000066055  0.0000380245  2.7593815849  0.0001891047  6862          0.0718683053 
0.0977282469  0.0932176149  0.0960137162  95.000000000  0.0000295296  -0.000006099  2.7640008077  0.0001787761  6935          0.0712223478 
0.0977282469  0.0932176149  0.0960137162  96.000000000  0.0000189967  0.0000262440  2.7532226680  0.0001661142  7008          0.0712152344 
0.0977282469  0.0932176149  0.0960137162  97.000000000  0.0000202003  -0.000014053  2.7629743308  0.0001546779  7081          0.0711114962 
0.0977282469  0.0932176149  0.0960137162  98.000000000  0.0000168167  -0.000018626  2.7527093528  0.0001314040  7154          0.0715523027 
0.0977282469  0.0932176149  0.0960137162  99.000000000  0.0000539055  -0.000022648  2.7534792619  0.0001471859  7227          0.0714223973 
0.0977282469  0.0932176149  0.0960137162  99.986301369  0.0000277874  0.0000024107  2.7613027493  0.0001663573  7299          0.0711744361 
