Environment:
	Python: 3.8.10
	PyTorch: 1.10.0+cu113
	Torchvision: 0.11.1+cu113
	CUDA: 11.3
	CUDNN: 8200
	NumPy: 1.21.4
	PIL: 8.4.0
Args:
	algorithm: KL_GP
	checkpoint_freq: None
	data_dir: /root/data
	dataset: RotatedMNIST
	epochs: None
	holdout_fraction: 0.2
	hparams: None
	hparams_seed: 1
	output_dir: ./results_sweep_kl_gp_1/511d1c3880595cafee2ce9ff295e9ceb
	save_model_every_checkpoint: False
	seed: 665977908
	skip_model_save: False
	steps: None
	task: domain_adaptation
	test_envs: [5]
	train_envs: [0]
	trial_seed: 0
	uda_holdout_fraction: 0
HParams:
	augment_softmax: 0.0
	batch_size: 256
	class_balanced: False
	data_augmentation: True
	grad_penalty: 3.044417571888086
	kl_reg: 0.4092617738933064
	kl_reg_aux: 0.04129835139769894
	lr: 0.00011906162909279594
	nonlinear_classifier: False
	num_samples: 20
	resnet18: True
	resnet_dropout: 0.5
	specify_zdim: False
	weight_decay: 0.0
	z_dim: 16
cuda
/root/miniconda3/lib/python3.8/site-packages/torchvision/transforms/functional.py:984: UserWarning: Argument resample is deprecated and will be removed since v0.10.0. Please, use interpolation instead
  warnings.warn(
env0_out_acc  env5_in_acc   env5_out_acc  epoch         kl            kl_aux        loss          penalty       step          step_time    
0.0951564509  0.1000750027  0.0972996142  0.0000000000  0.0494525060  0.0787294954  2.3484258652  8.8250312805  0             0.1772398949 
0.1101585941  0.1071466838  0.1110158594  1.0000000000  0.0091458331  0.0102623124  2.3686218328  1.1728706927  36            0.0742726790 
0.1075867981  0.1088610308  0.1118731247  2.0000000000  0.0046019986  0.0033391169  2.3701501356  0.2688522811  72            0.0763483379 
0.1071581655  0.1066109504  0.1003000429  3.0000000000  0.0028567813  0.0023326758  2.3747669657  0.1863174401  108           0.0763054490 
0.0994427775  0.1053251902  0.1123017574  4.0000000000  0.0009366781  0.0024642119  2.3611962464  0.1696367595  144           0.0755920211 
0.1033004715  0.1057537769  0.1165880840  5.0000000000  0.0011230951  0.0013718259  2.3626352151  0.1454166511  180           0.0756026043 
0.0998714102  0.1077895639  0.1110158594  6.0000000000  0.0015214112  0.0004753071  2.3669115835  0.1398145453  216           0.0750408967 
0.1015859408  0.1129326047  0.1028718388  7.0000000000  0.0014305842  0.0009901693  2.3593117661  0.1297538823  252           0.0752693680 
0.0990141449  0.1024322297  0.1075867981  8.0000000000  0.0006297302  0.0009840827  2.3635330465  0.1163969182  288           0.0749996834 
0.0998714102  0.1100396443  0.1050150021  9.0000000000  0.0000905939  0.0011942176  2.3665653004  0.1110827674  324           0.0759355293 
0.1075867981  0.1051108968  0.1127303901  10.000000000  0.0011525874  0.0008282800  2.3617885709  0.1118502565  360           0.0741637482 
0.1127303901  0.1060752170  0.1054436348  11.000000000  0.0010105159  0.0005805050  2.3520660732  0.1036349777  396           0.0739895238 
0.1075867981  0.1142183649  0.1011573082  12.000000000  0.0015914805  0.0010123670  2.3552704785  0.0940414668  432           0.0746400025 
0.1088726961  0.1163612986  0.1088726961  13.000000000  0.0004533170  0.0002008613  2.3564982812  0.0910581043  468           0.0734620889 
0.1127303901  0.1103610843  0.1200171453  14.000000000  0.0014901666  0.0003927875  2.3592637711  0.0901097012  504           0.0748647186 
0.1045863695  0.1107896711  0.1093013288  15.000000000  -0.000011740  0.0011507452  2.3577827944  0.0890861294  540           0.0751642982 
0.1135876554  0.1102539376  0.1050150021  16.000000000  0.0011586974  0.0013123491  2.3554882407  0.0846887672  576           0.0751031505 
0.1170167167  0.1136826315  0.1213030433  17.000000000  0.0011865901  0.0005939458  2.3536975384  0.0848254718  612           0.0751298865 
0.1084440634  0.1106825244  0.1268752679  18.000000000  0.0004766657  0.0005547885  2.3569698797  0.0805708667  648           0.0755469203 
0.1153021860  0.1147540984  0.1105872267  19.000000000  0.0015857917  0.0002577029  2.3479301400  0.0774037507  684           0.0752528906 
0.1135876554  0.1148612450  0.1157308187  20.000000000  0.0002601000  0.0003253507  2.3520269526  0.0732672880  720           0.0750325852 
0.1071581655  0.1162541519  0.1243034719  21.000000000  0.0008422504  0.0007693566  2.3483807842  0.0701711467  756           0.0750946270 
0.1131590227  0.1134683382  0.1238748393  22.000000000  0.0002630884  0.0003583134  2.3583745625  0.0772866857  792           0.0748924149 
0.1178739820  0.1167898854  0.1110158594  23.000000000  0.0008146534  0.0013952807  2.3513378037  0.0748894941  828           0.0753001041 
0.1195885126  0.1152898318  0.1208744106  24.000000000  0.0011413883  0.0004280705  2.3588776059  0.0736279617  864           0.0752761894 
0.1183026147  0.1174327655  0.1204457780  25.000000000  0.0010585500  0.0009949493  2.3508771857  0.0698333970  900           0.0762052139 
0.1234462066  0.1209686060  0.1187312473  26.000000000  -0.000087375  0.0007561448  2.3492093947  0.0671069177  936           0.0767512388 
0.1225889413  0.1182899389  0.1217316760  27.000000000  0.0003675842  0.0004282896  2.3483830094  0.0668774424  972           0.0763276153 
0.1234462066  0.1160398586  0.1191598800  28.000000000  0.0005543811  0.0006294775  2.3478080697  0.0674820527  1008          0.0768121282 
0.1217316760  0.1213971928  0.1088726961  29.000000000  0.0007470862  0.0009406624  2.3465471135  0.0662993701  1044          0.0758108497 
0.1157308187  0.1238615665  0.1221603086  30.000000000  0.0003413552  0.0003507380  2.3525384002  0.0674976618  1080          0.0750611491 
0.1268752679  0.1222543662  0.1380197171  31.000000000  0.0005616730  0.0001318441  2.3504582246  0.0615948006  1116          0.0758433607 
0.1298756965  0.1182899389  0.1341620231  32.000000000  0.0012805973  0.0009671003  2.3464706275  0.0621356331  1152          0.0761822595 
0.1221603086  0.1172184721  0.1208744106  33.000000000  0.0005243938  0.0006152516  2.3502122296  0.0617568825  1188          0.0760430627 
0.1195885126  0.1281474338  0.1221603086  34.000000000  0.0006331887  0.0005970289  2.3428709375  0.0570331417  1224          0.0758981572 
0.1303043292  0.1272902604  0.1255893699  35.000000000  0.0004350046  0.0010017726  2.3509688444  0.0626891016  1260          0.0762641695 
0.1165880840  0.1220400729  0.1290184312  36.000000000  0.0004670532  0.0002423511  2.3450670375  0.0582313547  1296          0.0755559670 
0.1337333905  0.1294331940  0.1230175739  37.000000000  0.0010960811  0.0007332344  2.3462029298  0.0623201183  1332          0.0750076109 
0.1268752679  0.1265402336  0.1200171453  38.000000000  0.0002843466  0.0011501383  2.3441100650  0.0588638939  1368          0.0752962629 
0.1230175739  0.1295403407  0.1315902272  39.000000000  0.0002989873  0.0007672166  2.3414690362  0.0543931696  1404          0.0754224857 
0.1324474925  0.1281474338  0.1294470639  40.000000000  0.0001077553  0.0005450488  2.3446799782  0.0552722103  1440          0.0757781665 
0.1315902272  0.1240758599  0.1221603086  41.000000000  0.0007596423  0.0014105742  2.3396820426  0.0540721855  1476          0.0753130449 
0.1371624518  0.1254687667  0.1178739820  42.000000000  0.0004445477  0.0005905232  2.3410525587  0.0553184664  1512          0.0754199757 
0.1277325332  0.1208614593  0.1294470639  43.000000000  0.0009223779  0.0006667320  2.3402821554  0.0511198682  1548          0.0751775040 
0.1380197171  0.1253616201  0.1273039006  44.000000000  0.0005021907  0.0004753850  2.3401871456  0.0523228500  1584          0.0749229193 
0.1435919417  0.1248258866  0.1281611659  45.000000000  -0.000132462  0.0004260233  2.3340943058  0.0499525053  1620          0.0756880641 
0.1367338191  0.1310403943  0.1247321046  46.000000000  0.0006549476  0.0002934343  2.3383209308  0.0515677499  1656          0.0755525695 
0.1225889413  0.1293260474  0.1191598800  47.000000000  0.0010095909  0.0006560731  2.3405414290  0.0522149431  1692          0.0752471619 
0.1221603086  0.1232186864  0.1243034719  48.000000000  0.0003379414  0.0008513581  2.3425726427  0.0516943801  1728          0.0749318798 
0.1418774111  0.1284688739  0.1358765538  49.000000000  0.0005034202  0.0012391951  2.3420913617  0.0525599932  1764          0.0751647883 
0.1303043292  0.1285760206  0.1470210030  50.000000000  0.0002956437  0.0001445232  2.3360243506  0.0519596413  1800          0.0756059686 
0.1410201457  0.1306118076  0.1285897985  51.000000000  0.0011475845  0.0010441112  2.3428568310  0.0498847545  1836          0.0748654472 
0.1418774111  0.1356477017  0.1337333905  52.000000000  0.0002758584  0.0004021882  2.3332277934  0.0506156338  1872          0.0749912527 
0.1414487784  0.1361834351  0.1315902272  53.000000000  0.0010574578  0.0005062284  2.3419330915  0.0493005042  1908          0.0747907095 
0.1427346764  0.1294331940  0.1341620231  54.000000000  0.0010468867  0.0006091069  2.3345939120  0.0501035890  1944          0.0750700103 
0.1320188598  0.1344690882  0.1397342477  55.000000000  0.0003003873  0.0004368982  2.3358372384  0.0489571575  1980          0.0750192669 
0.1461637377  0.1360762884  0.1234462066  56.000000000  0.0010312670  0.0007738541  2.3369964295  0.0482850329  2016          0.0750570761 
0.1543077583  0.1301832208  0.1405915131  57.000000000  0.0000518546  0.0005384344  2.3384463059  0.0483971407  2052          0.0750519832 
0.1465923703  0.1368263152  0.1320188598  58.000000000  0.0003708670  0.0004182111  2.3340998756  0.0482870221  2088          0.0747951733 
0.1303043292  0.1414336226  0.1440205744  59.000000000  0.0004704223  0.0010734700  2.3321657247  0.0435077532  2124          0.0752885805 
0.1341620231  0.1435765563  0.1435919417  60.000000000  0.0007555294  0.0002598688  2.3297321664  0.0449041042  2160          0.0753742920 
0.1465923703  0.1411121826  0.1590227175  61.000000000  0.0007199614  0.0002009126  2.3339499765  0.0482791096  2196          0.0755569471 
0.1363051865  0.1377906354  0.1401628804  62.000000000  0.0003602377  0.0005027385  2.3286710911  0.0463821505  2232          0.0758679509 
0.1564509216  0.1415407693  0.1294470639  63.000000000  0.0002947531  0.0004020958  2.3260649443  0.0445886002  2268          0.0752309958 
0.1538791256  0.1415407693  0.1358765538  64.000000000  0.0007862421  0.0004953441  2.3332969016  0.0465441504  2304          0.0759241117 
0.1474496357  0.1360762884  0.1363051865  65.000000000  0.0006514635  0.0006237709  2.3321443597  0.0448867950  2340          0.0757591128 
0.1491641663  0.1434694096  0.1470210030  66.000000000  0.0005202654  0.0010300033  2.3359823624  0.0458590214  2376          0.0754167636 
0.1487355336  0.1418622094  0.1478782683  67.000000000  0.0003462799  -0.000161916  2.3282987144  0.0433235688  2412          0.0755468276 
0.1513073296  0.1288974606  0.1414487784  68.000000000  0.0004015975  0.0005915028  2.3264614807  0.0435900099  2448          0.0763175819 
0.1573081869  0.1446480231  0.1474496357  69.000000000  0.0008814516  0.0008749612  2.3264956209  0.0429956882  2484          0.0773787565 
0.1483069010  0.1401478624  0.1371624518  70.000000000  0.0008880943  0.0007305099  2.3304871254  0.0452777649  2520          0.0769557224 
0.1637376768  0.1410050359  0.1470210030  71.000000000  0.0003978470  0.0006882378  2.3323537906  0.0420927066  2556          0.0769891739 
0.1457351050  0.1485053038  0.1341620231  72.000000000  0.0006633049  0.0011291161  2.3259907961  0.0424693915  2592          0.0762417780 
0.1453064724  0.1435765563  0.1453064724  73.000000000  0.0004192786  0.0008379845  2.3235634234  0.0415188708  2628          0.0771549013 
0.1590227175  0.1502196507  0.1453064724  74.000000000  0.0004481761  0.0010251083  2.3294139306  0.0408796445  2664          0.0767623583 
0.1500214316  0.1420765027  0.1495927990  75.000000000  0.0006733909  0.0007369713  2.3247185151  0.0410593861  2700          0.0755532119 
0.1577368195  0.1473266902  0.1448778397  76.000000000  0.0008425756  0.0008101598  2.3261841138  0.0420202080  2736          0.0752905673 
0.1693099014  0.1458266367  0.1453064724  77.000000000  0.0003174896  0.0012950839  2.3311700953  0.0409245925  2772          0.0750917130 
0.1637376768  0.1458266367  0.1534504929  78.000000000  -0.000234139  0.0009728110  2.3265620536  0.0439426509  2808          0.0751885706 
0.1675953708  0.1455051966  0.1388769824  79.000000000  -0.000034135  0.0007009133  2.3274565604  0.0414224191  2844          0.0746518175 
0.1671667381  0.1472195436  0.1491641663  80.000000000  0.0006183931  0.0000587564  2.3263985912  0.0396671529  2880          0.0748876267 
0.1701671667  0.1464695168  0.1555936562  81.000000000  0.0001469517  0.0007419742  2.3193136255  0.0404538862  2916          0.0753193365 
0.1590227175  0.1526840244  0.1538791256  82.000000000  0.0007120839  0.0003431473  2.3233481182  0.0405157060  2952          0.0747657087 
0.1654522075  0.1538626380  0.1371624518  83.000000000  0.0007072970  0.0008441722  2.3172563381  0.0396367427  2988          0.0749300983 
0.1577368195  0.1507553841  0.1470210030  84.000000000  0.0006636718  0.0002047886  2.3221259713  0.0404919452  3024          0.0748519831 
0.1693099014  0.1554698382  0.1611658808  85.000000000  0.0007520066  0.0014155833  2.3175411357  0.0346610548  3060          0.0750868122 
0.1534504929  0.1550412515  0.1615945135  86.000000000  0.0011264079  0.0004758486  2.3226608435  0.0379828377  3096          0.0754321615 
0.1650235748  0.1511839709  0.1483069010  87.000000000  0.0009209605  0.0007157322  2.3219445083  0.0381745877  3132          0.0750422279 
0.1731675954  0.1528983178  0.1598799829  88.000000000  0.0003010458  0.0006499069  2.3191942705  0.0403344296  3168          0.0749912858 
0.1650235748  0.1510768242  0.1590227175  89.000000000  0.0003097902  0.0008408904  2.3231081565  0.0375854024  3204          0.0755002764 
0.1714530647  0.1534340512  0.1547363909  90.000000000  0.0008267371  0.0010551315  2.3213804099  0.0386387708  3240          0.0768119229 
0.1671667381  0.1547198114  0.1603086155  91.000000000  0.0004951310  0.0000392172  2.3212996986  0.0364976045  3276          0.0770952966 
0.1675953708  0.1573984785  0.1573081869  92.000000000  0.0002315409  0.0005054440  2.3189632628  0.0379544693  3312          0.0763734049 
0.1555936562  0.1595414122  0.1551650236  93.000000000  0.0005226884  0.0005481947  2.3175518778  0.0373582989  3348          0.0772518582 
0.1628804115  0.1626486660  0.1564509216  94.000000000  0.0008213183  0.0006750116  2.3178288208  0.0374480202  3384          0.0774220692 
0.1641663095  0.1608271724  0.1431633090  95.000000000  0.0003603338  0.0002592882  2.3174723056  0.0378314744  3420          0.0771751073 
0.1650235748  0.1608271724  0.1547363909  96.000000000  0.0005932591  0.0006864219  2.3204580016  0.0356178201  3456          0.0763488677 
0.1714530647  0.1572913318  0.1517359623  97.000000000  0.0009883453  0.0008390255  2.3196040988  0.0356321374  3492          0.0754487713 
0.1585940849  0.1594342655  0.1538791256  98.000000000  0.0008791032  0.0004325247  2.3202719424  0.0367287977  3528          0.0755057335 
0.1684526361  0.1628629594  0.1641663095  99.000000000  0.0015649876  0.0014801855  2.3185263144  0.0369687602  3564          0.0754762755 
0.1765966567  0.1624343727  0.1513073296  99.972222222  0.0010721917  0.0011542262  2.3180346080  0.0362312498  3599          0.0751989160 
