Environment:
	Python: 3.8.10
	PyTorch: 1.10.0+cu113
	Torchvision: 0.11.1+cu113
	CUDA: 11.3
	CUDNN: 8200
	NumPy: 1.21.4
	PIL: 8.4.0
Args:
	algorithm: KL_GP
	checkpoint_freq: None
	data_dir: /root/data
	dataset: RotatedMNIST
	epochs: None
	holdout_fraction: 0.2
	hparams: None
	hparams_seed: 5
	output_dir: ./results_sweep_kl_gp_1/8cee3601466d5b98ac402746d15af213
	save_model_every_checkpoint: False
	seed: 1871316183
	skip_model_save: False
	steps: None
	task: domain_adaptation
	test_envs: [4]
	train_envs: [0]
	trial_seed: 1
	uda_holdout_fraction: 0
HParams:
	augment_softmax: 0.0
	batch_size: 64
	class_balanced: False
	data_augmentation: True
	grad_penalty: 0.05555333443790167
	kl_reg: 0.08011667663888457
	kl_reg_aux: 0.16375880050234173
	lr: 0.0002046200753543356
	nonlinear_classifier: False
	num_samples: 20
	resnet18: True
	resnet_dropout: 0.1
	specify_zdim: True
	weight_decay: 0.0
	z_dim: 256
cuda
/root/miniconda3/lib/python3.8/site-packages/torchvision/transforms/functional.py:984: UserWarning: Argument resample is deprecated and will be removed since v0.10.0. Please, use interpolation instead
  warnings.warn(
env0_out_acc  env4_in_acc   env4_out_acc  epoch         kl            kl_aux        loss          penalty       step          step_time    
0.1221603086  0.1077895639  0.1217316760  0.0000000000  1.1242616177  1.0285749435  2.3646678925  61.118286132  0             0.1341743469 
0.2083154736  0.1581485053  0.1585940849  1.0000000000  0.0992588442  0.1066659558  2.3617231454  5.6761685430  146           0.0371207619 
0.2730390056  0.2096860602  0.2160308616  2.0000000000  0.0536937959  0.0576580371  2.2823210563  3.0390863239  292           0.0367205110 
0.2606086584  0.2132219008  0.2220317188  3.0000000000  0.1074926151  0.1213209809  2.1738608039  3.0832694279  438           0.0367430987 
0.3009001286  0.2740812172  0.2824689241  4.0000000000  0.1230440434  0.1602262536  2.0751278237  3.0432205919  584           0.0367363414 
0.2743249036  0.2491160399  0.2558936991  5.0000000000  0.1452937910  0.1860667581  2.0053219632  3.0834983440  730           0.0366720369 
0.3394770682  0.2862959391  0.3094727818  6.0000000000  0.1638751406  0.2122013651  1.9623118239  2.8343242195  876           0.0366391858 
0.3660522932  0.2974391943  0.3116159451  7.0000000000  0.1836506014  0.2216693212  1.9012993868  2.8092175069  1022          0.0364683279 
0.4114873553  0.3170470374  0.3201885984  8.0000000000  0.1872676807  0.2210033283  1.8709910283  2.7292044522  1168          0.0366738920 
0.4204886412  0.3153326905  0.3253321903  9.0000000000  0.2056544268  0.2357196530  1.8206795495  2.7879283616  1314          0.0364082056 
0.4504929276  0.3540126433  0.3600514359  10.000000000  0.2232997254  0.2477172515  1.7918391113  2.6571094982  1460          0.0363918510 
0.5087869696  0.3654773385  0.3754822117  11.000000000  0.2177335710  0.2610413473  1.7515669955  2.7227047380  1606          0.0364882195 
0.5023574796  0.3429765349  0.3480497214  12.000000000  0.2529268787  0.2712695991  1.7171992782  2.7524041484  1752          0.0365857359 
0.4646378054  0.3216543448  0.3313330476  13.000000000  0.2780116943  0.2965357010  1.6952888557  2.7032556215  1898          0.0364784607 
0.5760822975  0.3871209686  0.3926275182  14.000000000  0.3072090247  0.3395456680  1.6294185013  2.6333151256  2044          0.0367024271 
0.6129447064  0.4054430515  0.4127732533  15.000000000  0.3175264695  0.3506518864  1.5911455685  2.8029775783  2190          0.0364534757 
0.6330904415  0.3984785171  0.4106300900  16.000000000  0.3448454109  0.3986915105  1.5368960802  2.6961153672  2336          0.0365808778 
0.6660951565  0.3750133933  0.3849121303  17.000000000  0.3941066330  0.4202477262  1.5129326329  2.8496308376  2482          0.0368496196 
0.6365195028  0.4175506268  0.4264894985  18.000000000  0.4389560157  0.4767472564  1.4543407568  2.6941542870  2628          0.0365409933 
0.7256750964  0.4262295082  0.4359194171  19.000000000  0.4861801699  0.5172001532  1.3899110335  2.7635741936  2774          0.0364384978 
0.7389627090  0.4112289725  0.4076296614  20.000000000  0.5066189194  0.5574539818  1.3111447382  2.8389663851  2920          0.0365469554 
0.7573939134  0.4311582557  0.4427775396  21.000000000  0.5568443488  0.6157998728  1.2525174936  2.8161668369  3066          0.0368518029 
0.7501071582  0.4318011358  0.4320617231  22.000000000  0.5760715383  0.6719416282  1.2095838516  2.8669419664  3212          0.0369032376 
0.7633947707  0.4413371906  0.4603514788  23.000000000  0.6071800271  0.6920623698  1.1506690081  2.9255685333  3358          0.0366456754 
0.8092584655  0.4333011893  0.4307758251  24.000000000  0.6398794814  0.7231392893  1.1073479799  2.8594729141  3504          0.0367615729 
0.8328332619  0.4523732990  0.4723531933  25.000000000  0.6818226233  0.7512466777  1.0488971737  2.7737017315  3650          0.0365172200 
0.8576939563  0.4395156970  0.4406343763  26.000000000  0.7141474208  0.7760196369  0.9900760332  2.7383421651  3796          0.0367461966 
0.8379768538  0.4430515376  0.4414916417  27.000000000  0.7135110685  0.8322506473  0.9475429589  2.8776675667  3942          0.0364794421 
0.8795542220  0.4537662059  0.4577796828  28.000000000  0.7161687972  0.8299568402  0.9320181751  2.8382811808  4088          0.0361607777 
0.8842691813  0.4800171435  0.4843549078  29.000000000  0.7430546921  0.8219180564  0.8853175056  2.9152289702  4234          0.0362256194 
0.8894127733  0.4720882889  0.4839262752  30.000000000  0.7475618124  0.8591850294  0.8370937758  2.6677418392  4380          0.0366390780 
0.8966995285  0.4743383692  0.4830690099  31.000000000  0.7538731719  0.8970921138  0.8031475319  2.7520612503  4526          0.0362501994 
0.9091298757  0.4898746384  0.5019288470  32.000000000  0.7892969243  0.8950684185  0.7680230267  2.5916069599  4672          0.0363498747 
0.9117016717  0.4866602379  0.5057865409  33.000000000  0.7939433039  0.8799313144  0.7433179993  2.6192549304  4818          0.0365321391 
0.9125589370  0.5009107468  0.5225032147  34.000000000  0.8186535688  0.9369390321  0.7230744648  2.6611214941  4964          0.0363282716 
0.9194170596  0.5077681346  0.5160737248  35.000000000  0.8111276888  0.9025296005  0.6872987280  2.4735286701  5110          0.0365234124 
0.9177025289  0.4955534126  0.4954993571  36.000000000  0.8113160950  0.9336485405  0.6740731234  2.7947357142  5256          0.0367033629 
0.9202743249  0.5173041894  0.5306472353  37.000000000  0.8414411953  0.9560145336  0.6410284614  2.4605797480  5402          0.0363738488 
0.9232747535  0.5123754420  0.5195027861  38.000000000  0.8247195482  0.9437412301  0.6336463355  2.5385476653  5548          0.0363944949 
0.9172738963  0.5227686703  0.5255036434  39.000000000  0.8621203230  0.9354031233  0.6145208745  2.4642285158  5694          0.0363135844 
0.9224174882  0.5339119254  0.5422203172  40.000000000  0.8473478686  0.9769967582  0.5941742573  2.5129056271  5840          0.0363906540 
0.9301328761  0.5359477124  0.5473639091  41.000000000  0.8218867746  0.9176527196  0.5826702498  2.3432022113  5986          0.0365730002 
0.9335619374  0.5440908604  0.5559365624  42.000000000  0.8207186509  0.9605587982  0.5611941574  2.2606678025  6132          0.0366822971 
0.9301328761  0.5572699025  0.5735105015  43.000000000  0.8686352544  0.9842883169  0.5603798869  2.3918654780  6278          0.0366003089 
0.9378482640  0.5593056895  0.5700814402  44.000000000  0.8348544869  0.9497200022  0.5376121592  2.2604862476  6424          0.0369441934 
0.9417059580  0.5706632380  0.5820831547  45.000000000  0.8647443758  0.9567161505  0.5178156814  2.2675622783  6570          0.0369895566 
0.9417059580  0.5734490518  0.5923703386  46.000000000  0.8210975993  0.9721748274  0.5004334576  2.2394012147  6716          0.0368292675 
0.9447063866  0.5684131576  0.5816545221  47.000000000  0.8603871342  0.9377727198  0.4978331485  2.3311022349  6862          0.0363353017 
0.9489927132  0.5683060109  0.5846549507  48.000000000  0.8274652125  0.9463638884  0.4914979882  2.2413154122  7008          0.0409990974 
0.9498499786  0.5842708668  0.6018002572  49.000000000  0.8409942176  0.9617856610  0.4743568285  2.0458713990  7154          0.0361267459 
0.9464209173  0.5912354013  0.6078011144  50.000000000  0.8318565267  0.9412546648  0.4607600962  2.1196954112  7300          0.0362870056 
0.9477068153  0.6057002036  0.6240891556  51.000000000  0.8555195854  0.9390687845  0.4559818169  2.0786567632  7446          0.0371293564 
0.9481354479  0.6064502304  0.6210887270  52.000000000  0.8299012837  0.9275309664  0.4545031370  2.1240529369  7592          0.0367396531 
0.9511358766  0.6084860174  0.6300900129  53.000000000  0.8332393055  0.9163765989  0.4349337233  2.0358639057  7738          0.0364199207 
0.9554222032  0.6130933248  0.6296613802  54.000000000  0.8201377931  0.9174215516  0.4391829682  2.0986630843  7884          0.0366643210 
0.9489927132  0.6164148720  0.6322331762  55.000000000  0.8287794182  0.9271131199  0.4123944844  2.0080301868  8030          0.0365735815 
0.9511358766  0.6087003107  0.6258036862  56.000000000  0.8451403477  0.9304714170  0.3975373460  1.9811025719  8176          0.0367795539 
0.9584226318  0.6240222865  0.6429489927  57.000000000  0.8315269833  0.9367641537  0.4099133418  2.0590406803  8322          0.0360715504 
0.9537076725  0.6205935926  0.6352336048  58.000000000  0.8348701245  0.9153537946  0.4027213008  2.1087374332  8468          0.0361050890 
0.9549935705  0.6262723669  0.6429489927  59.000000000  0.8156517793  0.9140090093  0.3981095639  1.8777042591  8614          0.0362177646 
0.9562794685  0.6372013286  0.6536648093  60.000000000  0.8218481475  0.8918463106  0.3899905057  2.0122329519  8760          0.0410491620 
0.9571367338  0.6368798886  0.6493784826  61.000000000  0.8095492680  0.9266159290  0.3932095760  1.9602645529  8906          0.0362713321 
0.9545649378  0.6465230901  0.6690955851  62.000000000  0.8504256304  0.9066289435  0.3807873192  2.0031777800  9052          0.0367380038 
0.9592798971  0.6496303439  0.6630947278  63.000000000  0.8316412658  0.9120369235  0.3715353220  1.8431532873  9198          0.0366817158 
0.9584226318  0.6563805850  0.6832404629  64.000000000  0.8134358566  0.8881259193  0.3577869025  1.9037755634  9344          0.0365080164 
0.9571367338  0.6614164792  0.6832404629  65.000000000  0.8320733897  0.8834770232  0.3472129862  1.7606647611  9490          0.0366023322 
0.9644234891  0.6636665595  0.6815259323  66.000000000  0.8128957144  0.8821049520  0.3620366657  1.8766435050  9636          0.0367108747 
0.9644234891  0.6639879996  0.6806686670  67.000000000  0.8309456535  0.8599002998  0.3586267650  2.0039832053  9782          0.0365081846 
0.9627089584  0.6687024537  0.6798114016  68.000000000  0.8368139985  0.8879624622  0.3483444807  1.8818073995  9928          0.0364662523 
0.9631375911  0.6692381871  0.6879554222  69.000000000  0.8042779998  0.8649115954  0.3344335530  1.7246520932  10074         0.0365458384 
0.9627089584  0.6724525876  0.6900985855  70.000000000  0.8294423933  0.8818139524  0.3318865454  1.9108061660  10220         0.0361020679 
0.9614230604  0.6833815493  0.7016716674  71.000000000  0.8162157568  0.8623480503  0.3268850898  1.7606979474  10366         0.0362995112 
0.9644234891  0.6769527483  0.6879554222  72.000000000  0.8214729828  0.8654236238  0.3222216983  1.7667845002  10512         0.0369238445 
0.9618516931  0.6848816029  0.6982426061  73.000000000  0.8063064699  0.8581872297  0.3254586076  1.7800169628  10658         0.0361364721 
0.9678525504  0.6854173363  0.7008144021  74.000000000  0.8024546022  0.8630944507  0.3326527056  1.8214919947  10804         0.0362969817 
0.9652807544  0.6838101361  0.6986712387  75.000000000  0.8213843711  0.8627888536  0.3080118147  1.6949967432  10950         0.0363101518 
0.9661380197  0.6929176042  0.7098156880  76.000000000  0.8250568501  0.8737404461  0.3083655421  1.7639583851  11096         0.0361794691 
0.9674239177  0.6978463517  0.7162451779  77.000000000  0.8148585787  0.8470404409  0.3102201796  1.7540394639  11242         0.0362325319 
0.9674239177  0.7012750455  0.7213887698  78.000000000  0.8160092292  0.8602993064  0.2828179469  1.6007369336  11388         0.0363302606 
0.9635662237  0.6974177649  0.7098156880  79.000000000  0.7944049362  0.8294536088  0.2949505298  1.7763490040  11534         0.0361586711 
0.9704243463  0.7002035787  0.7128161166  80.000000000  0.8283301886  0.8586003552  0.2949546417  1.6549789734  11680         0.0362497470 
0.9699957137  0.7042751527  0.7218174025  81.000000000  0.7944047810  0.8284237352  0.3028905397  1.7349693918  11826         0.0362298995 
0.9704243463  0.7043822994  0.7171024432  82.000000000  0.7977191700  0.8517566266  0.2905491045  1.6702926155  11972         0.0361597407 
0.9704243463  0.7094181935  0.7213887698  83.000000000  0.7856581570  0.8252932242  0.2820462748  1.6203178698  12118         0.0363560050 
0.9695670810  0.7053466195  0.7141020146  84.000000000  0.8044949884  0.8131571747  0.2760571452  1.7091952909  12264         0.0364277395 
0.9674239177  0.7150969677  0.7286755251  85.000000000  0.7924208412  0.8357312826  0.2767368500  1.6113604524  12410         0.0363858840 
0.9657093871  0.7111325404  0.7256750964  86.000000000  0.8098553027  0.8421235509  0.2745456641  1.7278051389  12556         0.0362798074 
0.9712816117  0.7124183007  0.7278182598  87.000000000  0.7803934764  0.8500627459  0.2627397895  1.5568026888  12702         0.0364626548 
0.9661380197  0.6969891782  0.7192456065  88.000000000  0.7905100421  0.8158156790  0.2607650228  1.6063327083  12848         0.0363664268 
0.9691384483  0.7235615558  0.7398199743  89.000000000  0.7841397410  0.8335415990  0.2699382385  1.6626910780  12994         0.0364201297 
0.9717102443  0.7037394193  0.7252464638  90.000000000  0.8020953022  0.8306475927  0.2729286736  1.6421786857  13140         0.0364069563 
0.9699957137  0.7139183542  0.7278182598  91.000000000  0.7723837225  0.8325369080  0.2579817291  1.6026278640  13286         0.0403888307 
0.9712816117  0.7162755813  0.7316759537  92.000000000  0.8126507981  0.8211237829  0.2596852272  1.5973936948  13432         0.0359680800 
0.9674239177  0.7188471017  0.7321045864  93.000000000  0.7997793237  0.7781457999  0.2626186805  1.6479988433  13578         0.0361049845 
0.9712816117  0.6965605914  0.7102443206  94.000000000  0.7959878200  0.8487989364  0.2608232571  1.6065628598  13724         0.0363904385 
0.9699957137  0.7140255009  0.7312473210  95.000000000  0.8083034819  0.8155598020  0.2604709431  1.6114925448  13870         0.0363813394 
0.9708529790  0.7180970749  0.7351050150  96.000000000  0.7914797917  0.8251512834  0.2494689910  1.6494774986  14016         0.0365850272 
0.9725675096  0.7258116361  0.7445349336  97.000000000  0.8089761244  0.8112961952  0.2495808251  1.5283980876  14162         0.0362127333 
0.9721388770  0.7218472088  0.7316759537  98.000000000  0.7870643106  0.8072391585  0.2337703479  1.5016673987  14308         0.0362518536 
0.9751393056  0.7239901425  0.7411058723  99.000000000  0.7635048089  0.7914855578  0.2364306230  1.4998627938  14454         0.0364341524 
0.9725675096  0.7143469410  0.7325332190  99.993150684  0.8074920967  0.8193482350  0.2318482909  1.5891078032  14599         0.0364864580 
