Environment:
	Python: 3.8.10
	PyTorch: 1.10.0+cu113
	Torchvision: 0.11.1+cu113
	CUDA: 11.3
	CUDNN: 8200
	NumPy: 1.21.4
	PIL: 8.4.0
Args:
	algorithm: KL_GP
	checkpoint_freq: None
	data_dir: /root/data
	dataset: RotatedMNIST
	epochs: None
	holdout_fraction: 0.2
	hparams: None
	hparams_seed: 14
	output_dir: ./results_sweep_kl_gp_1/86eb5386fee21924b659e516e13e1075
	save_model_every_checkpoint: False
	seed: 179804402
	skip_model_save: False
	steps: None
	task: domain_adaptation
	test_envs: [2]
	train_envs: [0]
	trial_seed: 2
	uda_holdout_fraction: 0
HParams:
	augment_softmax: 0.01
	batch_size: 128
	class_balanced: False
	data_augmentation: True
	grad_penalty: 0.017543115477434222
	kl_reg: 0.19535359532607402
	kl_reg_aux: 0.22984597782918292
	lr: 0.0011903665081302557
	nonlinear_classifier: False
	num_samples: 20
	resnet18: True
	resnet_dropout: 0.5
	specify_zdim: True
	weight_decay: 0.0
	z_dim: 512
cuda
/root/miniconda3/lib/python3.8/site-packages/torchvision/transforms/functional.py:984: UserWarning: Argument resample is deprecated and will be removed since v0.10.0. Please, use interpolation instead
  warnings.warn(
env0_out_acc  env2_in_acc   env2_out_acc  epoch         kl            kl_aux        loss          penalty       step          step_time    
0.0968709816  0.1028497964  0.1088726961  0.0000000000  1.1380858421  1.0493528843  2.3109457493  95.332374572  0             0.2310838699 
0.2678954136  0.2767302336  0.2644663523  1.0000000000  0.0953913943  0.0818026752  2.3854118047  5.1194903475  73            0.1160514877 
0.2880411487  0.2954788944  0.3077582512  2.0000000000  0.0898705672  0.0880293911  2.0631403580  3.0025093604  146           0.1157662085 
0.3000428633  0.3172273409  0.3026146592  3.0000000000  0.1045165454  0.1200725020  1.9563635457  3.1039320851  219           0.1159832869 
0.3334762109  0.3379044354  0.3313330476  4.0000000000  0.1234316630  0.1400273467  1.8836391789  3.0087952336  292           0.1213049562 
0.3604800686  0.3512963360  0.3497642520  5.0000000000  0.1467856544  0.1503331629  1.7980880623  2.4577867152  365           0.1159909751 
0.4213459066  0.4065781016  0.4054864981  6.0000000000  0.1555128457  0.1694961803  1.7480915426  2.6953802648  438           0.1161058537 
0.4680668667  0.4566102421  0.4530647235  7.0000000000  0.1756288058  0.1957651818  1.7264930271  2.8991691184  511           0.1161862759 
0.5923703386  0.5207842297  0.5332190313  8.0000000000  0.2543097098  0.2746010186  1.5575653053  2.8043568200  584           0.1160473072 
0.6022288898  0.5306406685  0.5400771539  9.0000000000  0.2924780029  0.3124999771  1.4623007366  2.9220833011  657           0.1160530913 
0.6982426061  0.6024212556  0.6086583798  10.000000000  0.3676818626  0.3967826464  1.2921223053  2.9343301907  730           0.1163782943 
0.7886840977  0.6732376259  0.6780968710  11.000000000  0.4118403213  0.4547624033  1.1599391683  3.1752493692  803           0.1161558497 
0.8324046292  0.6920934219  0.6918131162  12.000000000  0.4714494699  0.4816322425  0.9981385649  2.9085434904  876           0.1162277182 
0.8551221603  0.7124491108  0.7149592799  13.000000000  0.4684659618  0.5074124826  0.8713621930  2.4790851890  949           0.1166571036 
0.8812687527  0.7667666595  0.7663951993  14.000000000  0.4820107597  0.4960830832  0.7746604199  2.8530985525  1022          0.1160625268 
0.8915559366  0.7921577030  0.7899699957  15.000000000  0.4617151332  0.4804209650  0.6992772916  2.3414251976  1095          0.1158201499 
0.8855550793  0.8148703664  0.8186883841  16.000000000  0.4678038048  0.4834893044  0.6161535309  2.0697382607  1168          0.1157840670 
0.9181311616  0.8466895222  0.8465495071  17.000000000  0.4633091051  0.4926320625  0.5768586520  2.1579436178  1241          0.1155774920 
0.9357051007  0.8425112492  0.8422631805  18.000000000  0.4711649646  0.4645854349  0.5443123910  2.0041509409  1314          0.1156455752 
0.9215602229  0.8473323334  0.8521217317  19.000000000  0.4436479856  0.4512693065  0.5115343810  1.9029059051  1387          0.1157260888 
0.9344192027  0.8622241268  0.8684097728  20.000000000  0.4699793123  0.4462696298  0.4890482924  1.9467790110  1460          0.1159325528 
0.9425632233  0.8699378616  0.8739819974  21.000000000  0.4615662327  0.4653319725  0.4608625933  1.8574343658  1533          0.1155958568 
0.9468495499  0.8863295479  0.8906986712  22.000000000  0.4476687876  0.4431404610  0.4335230597  1.5947201962  1606          0.1155776488 
0.9477068153  0.8897578744  0.8889841406  23.000000000  0.4287857617  0.4433996318  0.4213111450  1.6729721427  1679          0.1154740510 
0.9588512645  0.9056138847  0.9112730390  24.000000000  0.4439847371  0.4273592087  0.4043398034  1.5889624194  1752          0.1158143396 
0.9584226318  0.9023998286  0.9087012430  25.000000000  0.4494980721  0.4284877777  0.3779455089  1.4461748951  1825          0.1156441251 
0.9579939991  0.9113991858  0.9168452636  26.000000000  0.4306050457  0.4236180488  0.3795067507  1.6345223531  1898          0.1159064737 
0.9622803258  0.9090422113  0.9181311616  27.000000000  0.4359954743  0.4109100838  0.3597955596  1.3912990844  1971          0.1155628505 
0.9597085298  0.9090422113  0.9155593656  28.000000000  0.4434920402  0.4144557665  0.3636851876  1.4323399663  2044          0.1158167075 
0.9609944278  0.9228626527  0.9271324475  29.000000000  0.4184374091  0.3938912627  0.3441216539  1.3766786579  2117          0.1160256275 
0.9627089584  0.9066852368  0.9091298757  30.000000000  0.4096348841  0.4096627758  0.3327182092  1.4968037622  2190          0.1157579716 
0.9609944278  0.9216841654  0.9249892842  31.000000000  0.3988696647  0.3874103076  0.3223963806  1.2793354555  2263          0.1158029217 
0.9609944278  0.9325048211  0.9382768967  32.000000000  0.3960653397  0.3862878525  0.3241205203  1.3344222397  2336          0.1161540240 
0.9691384483  0.9228626527  0.9241320189  33.000000000  0.3948255238  0.3902234835  0.3205536594  1.3473091517  2409          0.1164496663 
0.9708529790  0.9332547675  0.9352764681  34.000000000  0.4112623032  0.3663535053  0.3019086700  1.1794633947  2482          0.1162866534 
0.9695670810  0.9316477394  0.9352764681  35.000000000  0.4161249122  0.3967839528  0.3037783063  1.3352222190  2555          0.1159941824 
0.9674239177  0.9367902293  0.9361337334  36.000000000  0.3887192648  0.3656984617  0.2858248316  1.0720553815  2628          0.1160189420 
0.9699957137  0.9393614742  0.9442777540  37.000000000  0.4005844691  0.3660706690  0.2787281032  1.0410261424  2701          0.1163115893 
0.9678525504  0.9286479537  0.9284183455  38.000000000  0.3878800967  0.3531460697  0.2900481659  1.2581636718  2774          0.1161917824 
0.9738534076  0.9475037497  0.9489927132  39.000000000  0.3920621088  0.3855759281  0.2714911132  1.0265794396  2847          0.1162371080 
0.9717102443  0.9286479537  0.9262751822  40.000000000  0.3753651854  0.3505167635  0.2765207313  1.2187796211  2920          0.1162647417 
0.9764252036  0.9452539104  0.9442777540  41.000000000  0.3782200552  0.3718883567  0.2637764877  1.1115579777  2993          0.1161791560 
0.9747106730  0.9435397472  0.9468495499  42.000000000  0.3768253261  0.3526856017  0.2595800745  1.1089026111  3066          0.1154728916 
0.9734247750  0.9485751018  0.9502786112  43.000000000  0.3751106262  0.3487639493  0.2660403770  1.1231430197  3139          0.1207416286 
0.9721388770  0.9443968288  0.9459922846  44.000000000  0.3509550552  0.3500722467  0.2574624268  1.0767877531  3212          0.1156241371 
0.9772824689  0.9479322906  0.9485640806  45.000000000  0.3715845199  0.3577531854  0.2548963491  1.0580814571  3285          0.1152062547 
0.9742820403  0.9477180201  0.9494213459  46.000000000  0.3683108304  0.3535234308  0.2430148909  0.9251606987  3358          0.1154888362 
0.9759965709  0.9496464538  0.9537076725  47.000000000  0.3535417531  0.3354855433  0.2497170190  1.0639932237  3431          0.1155677397 
0.9747106730  0.9475037497  0.9519931419  48.000000000  0.3740273698  0.3534879619  0.2409925365  1.1026553953  3504          0.1155560474 
0.9725675096  0.9487893722  0.9502786112  49.000000000  0.3357966893  0.3251233166  0.2391592454  0.9292240906  3577          0.1159649124 
0.9725675096  0.9530747804  0.9524217745  50.000000000  0.3495255954  0.3271747746  0.2230428018  0.8730335623  3650          0.1156657526 
0.9751393056  0.9485751018  0.9507072439  51.000000000  0.3553854864  0.3386130464  0.2288528989  1.0048699857  3723          0.1155671322 
0.9759965709  0.9488965074  0.9519931419  52.000000000  0.3592684563  0.3306446598  0.2245776735  0.9230094572  3796          0.1154708405 
0.9802828976  0.9562888365  0.9571367338  53.000000000  0.3563056711  0.3267220275  0.2217015442  0.9457357228  3869          0.1154696125 
0.9759965709  0.9578958646  0.9571367338  54.000000000  0.3445968563  0.3287058138  0.2210683729  0.9337897044  3942          0.1214359068 
0.9747106730  0.9531819156  0.9579939991  55.000000000  0.3277316747  0.3159407851  0.2205106867  0.9093668987  4015          0.1154791198 
0.9742820403  0.9569316477  0.9622803258  56.000000000  0.3337773950  0.3176651850  0.2185147090  0.8787312414  4088          0.1155363828 
0.9811401629  0.9526462396  0.9554222032  57.000000000  0.3451656707  0.3192777568  0.2131321975  0.9315553075  4161          0.1157394468 
0.9807115302  0.9542532676  0.9558508358  58.000000000  0.3256361256  0.3127901913  0.1991827976  0.7822292125  4234          0.1155528957 
0.9789969996  0.9588600814  0.9627089584  59.000000000  0.3388213785  0.3094240672  0.2100966328  0.7998725082  4307          0.1154287939 
0.9777111016  0.9595028927  0.9588512645  60.000000000  0.3365563105  0.3146909034  0.2028725284  0.8093292072  4380          0.1158503572 
0.9755679383  0.9512534819  0.9528504072  61.000000000  0.3167221775  0.3003536773  0.1984982497  0.7444308649  4453          0.1157417722 
0.9789969996  0.9621812728  0.9635662237  62.000000000  0.3243367705  0.3018663223  0.2072829128  0.8868074156  4526          0.1155354748 
0.9777111016  0.9604671095  0.9579939991  63.000000000  0.3146665064  0.3128830439  0.2005615071  0.7498140796  4599          0.1156275860 
0.9789969996  0.9596100279  0.9601371625  64.000000000  0.3082400609  0.2811154927  0.1959591277  0.7821712216  4672          0.1154227616 
0.9785683669  0.9565031069  0.9597085298  65.000000000  0.3119121708  0.2982361611  0.2002802216  0.8150183265  4745          0.1152514268 
0.9768538363  0.9617527319  0.9635662237  66.000000000  0.3102221881  0.2972701216  0.1945501147  0.8150354381  4818          0.1153058712 
0.9802828976  0.9619670024  0.9597085298  67.000000000  0.3162965187  0.2984665191  0.1874083533  0.6708919475  4891          0.1208626603 
0.9742820403  0.9595028927  0.9605657951  68.000000000  0.3024906981  0.2972037629  0.1943801512  0.7826476554  4964          0.1154620190 
0.9802828976  0.9629312192  0.9631375911  69.000000000  0.3204648266  0.3090530356  0.1804187534  0.7113398703  5037          0.1159458846 
0.9777111016  0.9602528391  0.9609944278  70.000000000  0.3175856969  0.2770450801  0.1940573752  0.7433546479  5110          0.1158392952 
0.9759965709  0.9621812728  0.9618516931  71.000000000  0.3037421083  0.2817870623  0.1895542401  0.7306716987  5183          0.1156231769 
0.9781397342  0.9584315406  0.9571367338  72.000000000  0.3141151585  0.2889240931  0.1868940990  0.8526536406  5256          0.1153953663 
0.9772824689  0.9591814870  0.9614230604  73.000000000  0.3224421527  0.2889992766  0.1942783922  0.8205466189  5329          0.1158894447 
0.9815687955  0.9627169488  0.9631375911  74.000000000  0.3196561565  0.3027080836  0.1847514847  0.7984819449  5402          0.1156369823 
0.9772824689  0.9593957574  0.9588512645  75.000000000  0.3002353629  0.2856045031  0.1728418603  0.6246571402  5475          0.1155908206 
0.9807115302  0.9629312192  0.9652807544  76.000000000  0.2939727339  0.2810712644  0.1703920627  0.6420746919  5548          0.1157760849 
0.9789969996  0.9652881937  0.9674239177  77.000000000  0.3101286692  0.2859945950  0.1788085677  0.6285788739  5621          0.1156847118 
0.9759965709  0.9647525177  0.9678525504  78.000000000  0.2932339107  0.2650188877  0.1646213017  0.6054172161  5694          0.1158675756 
0.9768538363  0.9663595457  0.9695670810  79.000000000  0.2923648847  0.2710450708  0.1749726113  0.6788356892  5767          0.1156674248 
0.9781397342  0.9647525177  0.9644234891  80.000000000  0.2961781645  0.2752943888  0.1723268940  0.6446584602  5840          0.1154283334 
0.9772824689  0.9655024641  0.9648521217  81.000000000  0.2999989431  0.2642577511  0.1712367729  0.7302003115  5913          0.1158138759 
0.9807115302  0.9659310049  0.9639948564  82.000000000  0.2950850644  0.2680035683  0.1662018044  0.6340834527  5986          0.1158435247 
0.9798542649  0.9596100279  0.9614230604  83.000000000  0.2889188022  0.2898984674  0.1640822385  0.6606205318  6059          0.1155951317 
0.9789969996  0.9650739233  0.9644234891  84.000000000  0.3098279091  0.2818944291  0.1706365285  0.7529436874  6132          0.1155487087 
0.9768538363  0.9614313263  0.9601371625  85.000000000  0.3043625191  0.2634361084  0.1628972755  0.5230922507  6205          0.1158852512 
0.9777111016  0.9650739233  0.9648521217  86.000000000  0.2785454776  0.2591456518  0.1684649348  0.5810490353  6278          0.1159365308 
0.9747106730  0.9611099207  0.9609944278  87.000000000  0.2677750196  0.2582557299  0.1662550845  0.5774638014  6351          0.1156711709 
0.9777111016  0.9681808442  0.9687098157  88.000000000  0.2913977414  0.2795424723  0.1667708583  0.6289989195  6424          0.1157874832 
0.9798542649  0.9672166274  0.9652807544  89.000000000  0.2718510628  0.2585377889  0.1642502868  0.5474076610  6497          0.1162814408 
0.9768538363  0.9641097064  0.9614230604  90.000000000  0.2828819327  0.2555143670  0.1673471594  0.5977053361  6570          0.1159100631 
0.9781397342  0.9638954360  0.9609944278  91.000000000  0.2851131975  0.2656669813  0.1589787668  0.5778592623  6643          0.1160692156 
0.9789969996  0.9662524105  0.9669952850  92.000000000  0.2866728861  0.2550107682  0.1597069238  0.5773936637  6716          0.1156569964 
0.9772824689  0.9631454896  0.9605657951  93.000000000  0.2778741170  0.2572993383  0.1568468387  0.5791037079  6789          0.1159418282 
0.9777111016  0.9644311121  0.9631375911  94.000000000  0.2942123413  0.2615650255  0.1621001171  0.5933768910  6862          0.1160591204 
0.9794256322  0.9648596529  0.9648521217  95.000000000  0.2721681921  0.2518545177  0.1567370507  0.5482131663  6935          0.1159668883 
0.9747106730  0.9687165202  0.9644234891  96.000000000  0.2840044988  0.2629883257  0.1605378950  0.5514638128  7008          0.1212164115 
0.9802828976  0.9663595457  0.9678525504  97.000000000  0.2751941616  0.2547155602  0.1551005117  0.5427212284  7081          0.1161394805 
0.9807115302  0.9661452753  0.9665666524  98.000000000  0.2780820507  0.2489747348  0.1548074630  0.5488187411  7154          0.1165464806 
0.9764252036  0.9687165202  0.9665666524  99.000000000  0.2754428419  0.2506035387  0.1546604378  0.5460763890  7227          0.1160462752 
0.9789969996  0.9644311121  0.9627089584  99.986301369  0.2748221755  0.2512425780  0.1515352507  0.6161384688  7299          0.1158635285 
