Environment:
	Python: 3.8.10
	PyTorch: 1.10.0+cu113
	Torchvision: 0.11.1+cu113
	CUDA: 11.3
	CUDNN: 8200
	NumPy: 1.21.4
	PIL: 8.4.0
Args:
	algorithm: KL_GP
	checkpoint_freq: None
	data_dir: /root/data
	dataset: RotatedMNIST
	epochs: None
	holdout_fraction: 0.2
	hparams: None
	hparams_seed: 16
	output_dir: ./results_sweep_kl_gp_1/66e95a48ce1c789e008ce795a985acad
	save_model_every_checkpoint: False
	seed: 931661268
	skip_model_save: False
	steps: None
	task: domain_adaptation
	test_envs: [4]
	train_envs: [0]
	trial_seed: 2
	uda_holdout_fraction: 0
HParams:
	augment_softmax: 0.05
	batch_size: 128
	class_balanced: False
	data_augmentation: True
	grad_penalty: 3.8986808793812435
	kl_reg: 0.14461721645028108
	kl_reg_aux: 0.18108932150143078
	lr: 8.5363084810412e-05
	nonlinear_classifier: False
	num_samples: 20
	resnet18: True
	resnet_dropout: 0.5
	specify_zdim: False
	weight_decay: 0.0
	z_dim: 128
cuda
/root/miniconda3/lib/python3.8/site-packages/torchvision/transforms/functional.py:984: UserWarning: Argument resample is deprecated and will be removed since v0.10.0. Please, use interpolation instead
  warnings.warn(
env0_out_acc  env4_in_acc   env4_out_acc  epoch         kl            kl_aux        loss          penalty       step          step_time    
0.0930132876  0.0931104682  0.0968709816  0.0000000000  0.2455140948  0.2761146426  2.3162570000  13.005819320  0             0.1369948387 
0.1003000429  0.0985749491  0.0917273896  1.0000000000  0.0378033298  0.0383927708  2.3368029431  1.6889290850  73            0.0524399346 
0.0985855122  0.0941819351  0.0870124303  2.0000000000  0.0108539976  0.0138257987  2.3284211649  0.5218032305  146           0.0522123788 
0.0972996142  0.0981463624  0.0998714102  3.0000000000  0.0098363463  0.0108485744  2.3213515053  0.3902553998  219           0.0518644052 
0.1033004715  0.0951462552  0.0934419203  4.0000000000  0.0088624407  0.0080884858  2.3235044087  0.3276018145  292           0.0520222742 
0.1054436348  0.1021107897  0.0921560223  5.0000000000  0.0091380665  0.0104194169  2.3222614151  0.2912124206  365           0.0522244009 
0.0972996142  0.1008250295  0.1003000429  6.0000000000  0.0106843751  0.0092551341  2.3243586201  0.2575621101  438           0.0521869235 
0.1015859408  0.0968606022  0.0985855122  7.0000000000  0.0079530437  0.0063997540  2.3205756521  0.2415018145  511           0.0519567548 
0.1024432062  0.1023250830  0.1020145735  8.0000000000  0.0074302570  0.0073248858  2.3189445489  0.2363107133  584           0.0522340879 
0.1058722675  0.0987892425  0.1058722675  9.0000000000  0.0057159336  0.0064138076  2.3231836476  0.2214027968  657           0.0523946938 
0.1015859408  0.1038251366  0.0994427775  10.000000000  0.0070558933  0.0052640267  2.3210186207  0.2057275748  730           0.0521763482 
0.0960137162  0.1054323369  0.0960137162  11.000000000  0.0072684419  0.0054058678  2.3184407378  0.1984284367  803           0.0520304556 
0.1054436348  0.1054323369  0.1037291042  12.000000000  0.0078371780  0.0066947129  2.3168154514  0.1929831552  876           0.0518195237 
0.1015859408  0.1044680167  0.0990141449  13.000000000  0.0080290576  0.0070244874  2.3193795844  0.1868325460  949           0.0521661125 
0.1041577368  0.1061823637  0.1037291042  14.000000000  0.0052908520  0.0052436231  2.3212392069  0.1845726363  1022          0.0528096663 
0.1045863695  0.1045751634  0.1024432062  15.000000000  0.0030893683  0.0059050852  2.3169555533  0.1842283566  1095          0.0519712657 
0.1050150021  0.1020036430  0.1020145735  16.000000000  0.0064557391  0.0068593229  2.3180133774  0.1737249702  1168          0.0518315557 
0.1033004715  0.1031822565  0.0964423489  17.000000000  0.0056675313  0.0061740369  2.3183611256  0.1699586733  1241          0.0519099007 
0.1037291042  0.1027536698  0.1020145735  18.000000000  0.0056975590  0.0043111607  2.3206822872  0.1673315457  1314          0.0521950395 
0.1015859408  0.1011464695  0.1011573082  19.000000000  0.0078819141  0.0053950009  2.3160668693  0.1618979245  1387          0.0519489034 
0.1080154308  0.1048966035  0.1003000429  20.000000000  0.0050825926  0.0067524379  2.3167077189  0.1583341372  1460          0.0518485977 
0.1088726961  0.1010393228  0.1007286755  21.000000000  0.0046866161  0.0043087520  2.3155469502  0.1560648629  1533          0.0518167705 
0.1028718388  0.1005035894  0.1003000429  22.000000000  0.0053298580  0.0052291547  2.3202449230  0.1511020760  1606          0.0523936977 
0.1041577368  0.1011464695  0.0981568796  23.000000000  0.0055033140  0.0046945092  2.3160268281  0.1524173276  1679          0.0517985396 
0.1045863695  0.1032894032  0.1024432062  24.000000000  0.0042250026  0.0049185622  2.3181316003  0.1473185360  1752          0.0519004423 
0.1037291042  0.0996464159  0.0981568796  25.000000000  0.0047923033  0.0052694809  2.3123465760  0.1444829831  1825          0.0519505266 
0.1050150021  0.1013607629  0.0964423489  26.000000000  0.0030580187  0.0022341960  2.3182781037  0.1436557116  1898          0.0520016690 
0.1054436348  0.1010393228  0.0972996142  27.000000000  0.0035341088  0.0029370556  2.3155046065  0.1400474904  1971          0.0522348195 
0.1020145735  0.1011464695  0.0972996142  28.000000000  0.0030664687  0.0042858124  2.3144195472  0.1388065328  2044          0.0519148846 
0.1015859408  0.1005035894  0.0968709816  29.000000000  0.0048104280  0.0027098770  2.3177084204  0.1369951616  2117          0.0521820604 
0.1033004715  0.1002892960  0.0990141449  30.000000000  0.0031068186  0.0034042483  2.3138526041  0.1329794459  2190          0.0525871989 
0.1033004715  0.1022179364  0.0972996142  31.000000000  0.0039036143  0.0031582101  2.3118552802  0.1316844673  2263          0.0523873290 
0.1033004715  0.1023250830  0.1015859408  32.000000000  0.0035352952  0.0022295109  2.3141504673  0.1318031418  2336          0.0521855812 
0.1045863695  0.1041465767  0.0977282469  33.000000000  0.0020551273  0.0028271414  2.3159083863  0.1291590330  2409          0.0523466541 
0.1050150021  0.1016822029  0.1015859408  34.000000000  0.0026777191  0.0020730536  2.3137212420  0.1269576047  2482          0.0522667643 
0.1028718388  0.1013607629  0.0994427775  35.000000000  0.0037635900  0.0025757600  2.3139652912  0.1258070155  2555          0.0523874466 
0.1011573082  0.1010393228  0.0981568796  36.000000000  0.0023874763  0.0030290076  2.3161974476  0.1252794238  2628          0.0521633233 
0.1020145735  0.1014679096  0.0968709816  37.000000000  0.0019088853  0.0021993942  2.3148934580  0.1241152557  2701          0.0522346268 
0.1033004715  0.1007178828  0.0972996142  38.000000000  0.0016576468  0.0025857189  2.3118901579  0.1208730784  2774          0.0522543241 
0.1011573082  0.1010393228  0.0968709816  39.000000000  0.0033464497  0.0027061995  2.3127802431  0.1219231509  2847          0.0519486715 
0.0998714102  0.1011464695  0.0990141449  40.000000000  0.0018624173  0.0019679004  2.3128217769  0.1196561137  2920          0.0519343337 
0.1037291042  0.1005035894  0.0985855122  41.000000000  0.0014594238  0.0020453407  2.3133624645  0.1167903933  2993          0.0517521884 
0.1015859408  0.1003964427  0.0985855122  42.000000000  0.0014726332  0.0025520929  2.3099832665  0.1153815891  3066          0.0522415279 
0.1007286755  0.1022179364  0.1007286755  43.000000000  0.0026180295  0.0026584651  2.3121420259  0.1145954670  3139          0.0518672989 
0.1037291042  0.1027536698  0.0998714102  44.000000000  0.0017932996  0.0008301367  2.3138329950  0.1139778583  3212          0.0520667801 
0.1041577368  0.1014679096  0.0985855122  45.000000000  0.0011860524  0.0019808412  2.3109492243  0.1131892782  3285          0.0521431818 
0.1041577368  0.1032894032  0.0985855122  46.000000000  0.0017758608  0.0006619210  2.3139896523  0.1125605056  3358          0.0523265519 
0.1118731247  0.1043608700  0.1003000429  47.000000000  0.0016768575  0.0010948810  2.3114435118  0.1109092571  3431          0.0521660472 
0.1075867981  0.1031822565  0.1024432062  48.000000000  0.0014526803  0.0013150344  2.3117064450  0.1110762105  3504          0.0523823451 
0.1015859408  0.1039322833  0.1015859408  49.000000000  0.0011275256  0.0012498490  2.3118919706  0.1092384774  3577          0.0521537017 
0.1041577368  0.1032894032  0.1007286755  50.000000000  0.0010657939  0.0013528834  2.3094232540  0.1077305433  3650          0.0520992573 
0.1041577368  0.1047894568  0.1041577368  51.000000000  0.0008723466  0.0009972902  2.3103141817  0.1078541346  3723          0.0519866290 
0.1067295328  0.1062895103  0.1050150021  52.000000000  0.0012138992  0.0004390813  2.3123300500  0.1066760832  3796          0.0520527004 
0.1148735534  0.1056466302  0.1084440634  53.000000000  0.0016866057  0.0010806436  2.3110210700  0.1062066537  3869          0.0520478438 
0.1144449207  0.1085395907  0.1050150021  54.000000000  0.0012307069  0.0009275936  2.3101038737  0.1057525658  3942          0.0521151758 
0.1131590227  0.1063966570  0.1050150021  55.000000000  -0.000289418  0.0012263231  2.3082223232  0.1048291992  4015          0.0517711019 
0.1131590227  0.1098253509  0.1050150021  56.000000000  0.0009007429  0.0011161329  2.3125568775  0.1027457795  4088          0.0518452501 
0.1105872267  0.1081110040  0.1127303901  57.000000000  0.0010689424  0.0017033652  2.3093092442  0.1037547673  4161          0.0521748784 
0.1093013288  0.1093967642  0.1054436348  58.000000000  0.0008735632  0.0007022660  2.3120786327  0.1024085338  4234          0.0522001051 
0.1165880840  0.1130397514  0.1105872267  59.000000000  0.0014748769  0.0001371927  2.3086672907  0.1026966723  4307          0.0523576573 
0.1118731247  0.1089681774  0.1067295328  60.000000000  0.0010646794  0.0002493017  2.3071010047  0.1001452422  4380          0.0518109211 
0.1105872267  0.1115396978  0.1045863695  61.000000000  0.0004381243  0.0002987589  2.3086096555  0.0998269522  4453          0.0517104489 
0.1170167167  0.1110039644  0.1088726961  62.000000000  0.0009995127  0.0009870856  2.3104817671  0.0982589270  4526          0.0520678710 
0.1140162880  0.1117539912  0.1063009001  63.000000000  0.0004273539  0.0003098976  2.3091839209  0.0985137903  4599          0.0524247607 
0.1191598800  0.1173256188  0.1131590227  64.000000000  0.0005875409  0.0014903741  2.3080021780  0.0987102490  4672          0.0519050115 
0.1204457780  0.1168970320  0.1183026147  65.000000000  0.0009733112  0.0003137899  2.3092553583  0.0966732719  4745          0.0524196265 
0.1200171453  0.1164684453  0.1174453493  66.000000000  0.0010418451  0.0021762382  2.3076997359  0.0959659786  4818          0.0521290270 
0.1208744106  0.1197899925  0.1191598800  67.000000000  0.0009060412  0.0008019250  2.3047676903  0.0959239560  4891          0.0523105615 
0.1161594514  0.1203257259  0.1148735534  68.000000000  0.0007701443  0.0013885988  2.3081816517  0.0942590927  4964          0.0519894476 
0.1285897985  0.1245044466  0.1178739820  69.000000000  0.0006549383  0.0004346371  2.3073958077  0.0940548177  5037          0.0522062452 
0.1234462066  0.1205400193  0.1187312473  70.000000000  0.0009204476  0.0004188606  2.3088039078  0.0925717374  5110          0.0518122797 
0.1294470639  0.1227900996  0.1204457780  71.000000000  0.0007922135  0.0002528821  2.3081679736  0.0931144322  5183          0.0520377747 
0.1315902272  0.1258973535  0.1183026147  72.000000000  0.0002326533  0.0004994461  2.3085184620  0.0918998138  5256          0.0523540876 
0.1247321046  0.1236472731  0.1170167167  73.000000000  0.0009038465  0.0007599804  2.3065603988  0.0914025705  5329          0.0522658727 
0.1371624518  0.1265402336  0.1165880840  74.000000000  0.0005079443  0.0003496670  2.3055387915  0.0910550942  5402          0.0522259621 
0.1281611659  0.1275045537  0.1204457780  75.000000000  0.0004795455  0.0012660827  2.3081571141  0.0888594112  5475          0.0519108152 
0.1221603086  0.1268616736  0.1315902272  76.000000000  0.0003722759  0.0005146910  2.3079172063  0.0894535953  5548          0.0524006314 
0.1337333905  0.1273974071  0.1251607372  77.000000000  0.0002705479  0.0006745327  2.3061125050  0.0880221295  5621          0.0518847361 
0.1238748393  0.1295403407  0.1255893699  78.000000000  0.0002043027  0.0007390804  2.3060595989  0.0886061064  5694          0.0518821592 
0.1315902272  0.1293260474  0.1294470639  79.000000000  0.0013679805  0.0010733074  2.3072638087  0.0869319512  5767          0.0518135306 
0.1410201457  0.1335047680  0.1328761252  80.000000000  0.0008645850  0.0008892646  2.3058219577  0.0865162675  5840          0.0521380640 
0.1277325332  0.1338262081  0.1281611659  81.000000000  0.0008407848  0.0010304451  2.3063097000  0.0846276960  5913          0.0521735198 
0.1393056151  0.1358619951  0.1358765538  82.000000000  0.0015690898  0.0001228607  2.3061438129  0.0850925064  5986          0.0516720602 
0.1345906558  0.1348976749  0.1285897985  83.000000000  0.0011538006  0.0006317782  2.3062859790  0.0851021202  6059          0.0518839033 
0.1247321046  0.1327547412  0.1358765538  84.000000000  0.0003390680  0.0013212406  2.3043146035  0.0838882996  6132          0.0522832348 
0.1405915131  0.1382192221  0.1341620231  85.000000000  0.0006078392  0.0012306644  2.3059576570  0.0836599070  6205          0.0521676900 
0.1431633090  0.1402550091  0.1393056151  86.000000000  0.0011591903  0.0010943641  2.3040007565  0.0824671755  6278          0.0521256303 
0.1401628804  0.1456123433  0.1393056151  87.000000000  0.0008708198  0.0017237688  2.3052239451  0.0823904079  6351          0.0524365183 
0.1474496357  0.1397192757  0.1410201457  88.000000000  0.0008963575  0.0008694138  2.3043411105  0.0814677106  6424          0.0518462625 
0.1534504929  0.1453980499  0.1405915131  89.000000000  0.0001907104  0.0007966063  2.3040320743  0.0808317232  6497          0.0522913998 
0.1573081869  0.1517197043  0.1440205744  90.000000000  0.0008585649  0.0008917239  2.3059910617  0.0798897579  6570          0.0523213034 
0.1547363909  0.1406835958  0.1513073296  91.000000000  0.0005459492  0.0008399054  2.3037419515  0.0792632894  6643          0.0521898498 
0.1504500643  0.1464695168  0.1405915131  92.000000000  0.0007565585  0.0013359924  2.3038542107  0.0789702152  6716          0.0521172269 
0.1495927990  0.1503267974  0.1491641663  93.000000000  0.0009296055  0.0010189724  2.3037205167  0.0786991209  6789          0.0521266918 
0.1525932276  0.1536483446  0.1470210030  94.000000000  0.0012360754  0.0006749728  2.3038427079  0.0777778961  6862          0.0518712801 
0.1581654522  0.1527911711  0.1517359623  95.000000000  0.0015607117  0.0012669580  2.3039810200  0.0771256953  6935          0.0523773383 
0.1495927990  0.1512911175  0.1418774111  96.000000000  0.0001291314  0.0007324309  2.3029229282  0.0762356715  7008          0.0521406735 
0.1590227175  0.1554698382  0.1534504929  97.000000000  -0.000123542  -0.000194009  2.3023204869  0.0758171023  7081          0.0520046574 
0.1547363909  0.1562198650  0.1508786970  98.000000000  0.0001030066  0.0011580064  2.3012295651  0.0753713759  7154          0.0519269884 
0.1697385341  0.1540769313  0.1427346764  99.000000000  0.0004597617  0.0009645934  2.3023613512  0.0742250936  7227          0.0520141517 
0.1620231462  0.1541840780  0.1534504929  99.986301369  0.0008921383  0.0006406009  2.3020081884  0.0741091596  7299          0.0518584218 
