Environment:
	Python: 3.8.10
	PyTorch: 1.10.0+cu113
	Torchvision: 0.11.1+cu113
	CUDA: 11.3
	CUDNN: 8200
	NumPy: 1.21.4
	PIL: 8.4.0
Args:
	algorithm: KL_GP
	checkpoint_freq: None
	data_dir: /root/data
	dataset: RotatedMNIST
	epochs: None
	holdout_fraction: 0.2
	hparams: None
	hparams_seed: 14
	output_dir: ./results_sweep_kl_gp_1/dd04a1d7d74e2d616f0a3e61f5092f62
	save_model_every_checkpoint: False
	seed: 1736644374
	skip_model_save: False
	steps: None
	task: domain_adaptation
	test_envs: [3]
	train_envs: [0]
	trial_seed: 0
	uda_holdout_fraction: 0
HParams:
	augment_softmax: 0.01
	batch_size: 128
	class_balanced: False
	data_augmentation: True
	grad_penalty: 0.19756898258394898
	kl_reg: 0.0861577036289629
	kl_reg_aux: 0.49373946734146396
	lr: 0.00224138265260081
	nonlinear_classifier: True
	num_samples: 20
	resnet18: True
	resnet_dropout: 0.0
	specify_zdim: False
	weight_decay: 0.0
	z_dim: 512
cuda
/root/miniconda3/lib/python3.8/site-packages/torchvision/transforms/functional.py:984: UserWarning: Argument resample is deprecated and will be removed since v0.10.0. Please, use interpolation instead
  warnings.warn(
env0_out_acc  env3_in_acc   env3_out_acc  epoch         kl            kl_aux        loss          penalty       step          step_time    
0.1050150021  0.0911720591  0.0934419203  0.0000000000  1.4594705105  1.2400436401  2.2999196053  326.33789062  0             0.2155802250 
0.0998714102  0.1029569316  0.0981568796  1.0000000000  0.0250380562  0.0267964422  4.1610709837  72.090205778  73            0.1163399383 
0.0998714102  0.1029569316  0.0981568796  2.0000000000  0.0024692098  0.0008766684  4.1552432008  0.0147631478  146           0.1161484261 
0.0998714102  0.1029569316  0.0981568796  3.0000000000  0.0017477323  0.0010955203  4.1735878121  0.0141551175  219           0.1211289053 
0.0998714102  0.1029569316  0.0981568796  4.0000000000  0.0009407736  0.0022881064  4.1359329256  0.0149138281  292           0.1164655391 
0.0998714102  0.1029569316  0.0981568796  5.0000000000  0.0020805679  0.0026854064  4.1624844956  0.0128034212  365           0.1162822443 
0.0998714102  0.1029569316  0.0981568796  6.0000000000  0.0008584441  0.0015672037  4.1653809711  0.0133111984  438           0.1169650718 
0.0998714102  0.1029569316  0.0981568796  7.0000000000  0.0008631961  0.0005550352  4.1586224282  0.0115585373  511           0.1165749504 
0.0998714102  0.1029569316  0.0981568796  8.0000000000  0.0013257412  0.0014404238  4.1600707296  0.0107117312  584           0.1166736688 
0.0998714102  0.1029569316  0.0981568796  9.0000000000  0.0015553416  0.0007646933  4.1620017633  0.0092295174  657           0.1162690790 
0.0998714102  0.1029569316  0.0981568796  10.000000000  0.0005833580  0.0009862985  4.1364157559  0.0095746518  730           0.1161602589 
0.0998714102  0.1029569316  0.0981568796  11.000000000  0.0003877666  0.0021721762  4.1706913073  0.0092623508  803           0.1162376436 
0.0998714102  0.1029569316  0.0981568796  12.000000000  0.0009019310  0.0005452078  4.1552431485  0.0090501855  876           0.1162239754 
0.0998714102  0.1029569316  0.0981568796  13.000000000  0.0007941886  0.0005135504  4.1653810135  0.0091591318  949           0.1160583431 
0.0998714102  0.1029569316  0.0981568796  14.000000000  0.0002171405  0.0009849169  4.1465535784  0.0095731163  1022          0.1160944390 
0.0998714102  0.1029569316  0.0981568796  15.000000000  0.0007644157  0.0013622160  4.1586224412  0.0079958539  1095          0.1162617403 
0.0998714102  0.1029569316  0.0981568796  16.000000000  0.0009215270  0.0012851186  4.1407605589  0.0064679032  1168          0.1161103510 
0.0998714102  0.1029569316  0.0981568796  17.000000000  0.0006326388  0.0014274676  4.1388294958  0.0073562615  1241          0.1162799842 
0.0998714102  0.1029569316  0.0981568796  18.000000000  0.0005495352  0.0001334556  4.1484845730  0.0077384023  1314          0.1164662707 
0.0998714102  0.1029569316  0.0981568796  19.000000000  0.0007378696  0.0003422842  4.1499328581  0.0069094028  1387          0.1162405504 
0.0998714102  0.1029569316  0.0981568796  20.000000000  0.0007226010  0.0010912288  4.1446225513  0.0066760152  1460          0.1165620236 
0.0998714102  0.1029569316  0.0981568796  21.000000000  0.0004444873  0.0010763423  4.1523465882  0.0068615633  1533          0.1164307170 
0.0998714102  0.1029569316  0.0981568796  22.000000000  0.0005619657  0.0003240533  4.1320709823  0.0065185858  1606          0.1160181842 
0.0998714102  0.1029569316  0.0981568796  23.000000000  0.0002450355  0.0008633202  4.1774498926  0.0064175087  1679          0.1160090460 
0.0998714102  0.1029569316  0.0981568796  24.000000000  0.0005758462  0.0000841324  4.1378639789  0.0050816551  1752          0.1162476278 
0.0998714102  0.1029569316  0.0981568796  25.000000000  0.0009422400  0.0000435620  4.1663465467  0.0049723289  1825          0.1160014525 
0.0998714102  0.1029569316  0.0981568796  26.000000000  0.0002346104  0.0004696715  4.1653810135  0.0048615752  1898          0.1209228594 
0.0998714102  0.1029569316  0.0981568796  27.000000000  -0.000052056  0.0006754137  4.1542777035  0.0045452211  1971          0.1158931974 
0.0998714102  0.1029569316  0.0981568796  28.000000000  0.0000013129  0.0009076563  4.1513810811  0.0051058866  2044          0.1147477398 
0.0998714102  0.1029569316  0.0981568796  29.000000000  -0.000122498  0.0004561209  4.1402777613  0.0043083470  2117          0.1147040668 
0.0998714102  0.1029569316  0.0981568796  30.000000000  0.0004115986  0.0002005786  4.1417260464  0.0044571012  2190          0.1148929629 
0.0998714102  0.1029569316  0.0981568796  31.000000000  0.0002494805  0.0002147825  4.1610362366  0.0039461598  2263          0.1162857421 
0.0998714102  0.1029569316  0.0981568796  32.000000000  0.0001984557  -0.000027633  4.1446225610  0.0035552229  2336          0.1162801115 
0.0998714102  0.1029569316  0.0981568796  33.000000000  0.0002693052  0.0000520144  4.1629672214  0.0032146796  2409          0.1161743092 
0.0998714102  0.1029569316  0.0981568796  34.000000000  0.0003343674  0.0002786885  4.1320709268  0.0040310899  2482          0.1164020545 
0.0998714102  0.1029569316  0.0981568796  35.000000000  0.0004753773  0.0005202881  4.1542777035  0.0027184152  2555          0.1162921958 
0.0998714102  0.1029569316  0.0981568796  36.000000000  0.0003220349  -0.000008521  4.1200020379  0.0029767163  2628          0.1162270618 
0.0998714102  0.1029569316  0.0981568796  37.000000000  0.0004079277  0.0005071718  4.1557259494  0.0037387487  2701          0.1160323457 
0.0998714102  0.1029569316  0.0981568796  38.000000000  0.0003962288  0.0001910582  4.1518637905  0.0029560757  2774          0.1161904139 
0.0998714102  0.1029569316  0.0981568796  39.000000000  0.0003225346  0.0002987483  4.1523465849  0.0031656231  2847          0.1160620467 
0.0998714102  0.1029569316  0.0981568796  40.000000000  0.0002730546  -0.000050492  4.1576569342  0.0022493763  2920          0.1161327166 
0.0998714102  0.1029569316  0.0981568796  41.000000000  0.0002925592  -0.000160511  4.1528293531  0.0023965317  2993          0.1161812528 
0.0998714102  0.1029569316  0.0981568796  42.000000000  0.0000535005  -0.000020543  4.1175882457  0.0024103467  3066          0.1160868031 
0.0998714102  0.1029569316  0.0981568796  43.000000000  0.0004084176  0.0001390046  4.1499328417  0.0026645000  3139          0.1162081875 
0.0998714102  0.1029569316  0.0981568796  44.000000000  0.0000036416  0.0001548512  4.1537948830  0.0022422998  3212          0.1161403133 
0.0998714102  0.1029569316  0.0981568796  45.000000000  0.0002431053  0.0002100533  4.1253123937  0.0023140320  3285          0.1161745444 
0.0998714102  0.1029569316  0.0981568796  46.000000000  0.0001334262  0.0003754570  4.1542776676  0.0025117018  3358          0.1160147680 
0.0998714102  0.1029569316  0.0981568796  47.000000000  0.0001905944  0.0001438089  4.1320709235  0.0020875322  3431          0.1166006539 
0.0998714102  0.1029569316  0.0981568796  48.000000000  -0.000136153  0.0002468743  4.1576569374  0.0017962779  3504          0.1162461745 
0.0998714102  0.1029569316  0.0981568796  49.000000000  0.0001729841  0.0001867079  4.1436570671  0.0017832829  3577          0.1163560822 
0.0998714102  0.1029569316  0.0981568796  50.000000000  0.0003465300  0.0001013802  4.1499328091  0.0014667980  3650          0.1160511579 
0.0998714102  0.1029569316  0.0981568796  51.000000000  0.0001471043  0.0001657826  4.1648983139  0.0015918394  3723          0.1160447695 
0.0998714102  0.1029569316  0.0981568796  52.000000000  0.0001554489  0.0001421726  4.1368984784  0.0017243417  3796          0.1162085109 
0.0998714102  0.1029569316  0.0981568796  53.000000000  0.0001521339  0.0002821635  4.1508984337  0.0013588634  3869          0.1161193586 
0.0998714102  0.1029569316  0.0981568796  54.000000000  0.0002830290  -0.000334680  4.1605534815  0.0013099052  3942          0.1163209791 
0.0998714102  0.1029569316  0.0981568796  55.000000000  -0.000030801  0.0000630699  4.1692430581  0.0014178239  4015          0.1161869748 
0.0998714102  0.1029569316  0.0981568796  56.000000000  0.0002799949  0.0002411098  4.1499328287  0.0015369833  4088          0.1164079856 
0.0998714102  0.1029569316  0.0981568796  57.000000000  0.0003063973  0.0002730546  4.1296571575  0.0012023077  4161          0.1164428012 
0.0998714102  0.1029569316  0.0981568796  58.000000000  -0.000018341  0.0001706326  4.1446225447  0.0011156117  4234          0.1163029736 
0.0998714102  0.1029569316  0.0981568796  59.000000000  0.0000415273  -0.000060545  4.1537948928  0.0015391443  4307          0.1160242492 
0.0998714102  0.1029569316  0.0981568796  60.000000000  -0.000099881  -0.000031239  4.1542776121  0.0012074929  4380          0.1160614588 
0.0998714102  0.1029569316  0.0981568796  61.000000000  0.0000315398  0.0004591974  4.1547604816  0.0011441825  4453          0.1160791802 
0.0998714102  0.1029569316  0.0981568796  62.000000000  -0.000108777  0.0000334047  4.1465536144  0.0011026369  4526          0.1164436504 
0.0998714102  0.1029569316  0.0981568796  63.000000000  0.0001830075  -0.000131992  4.1653810299  0.0014770462  4599          0.1161972431 
0.0998714102  0.1029569316  0.0981568796  64.000000000  -0.000105299  -0.000144713  4.1282089344  0.0012897328  4672          0.1162051207 
0.0998714102  0.1029569316  0.0981568796  65.000000000  0.0000532131  0.0002467404  4.1286916765  0.0010772594  4745          0.1159792208 
0.0998714102  0.1029569316  0.0981568796  66.000000000  -0.000052883  0.0002163502  4.1513811040  0.0008669104  4818          0.1157301158 
0.0998714102  0.1029569316  0.0981568796  67.000000000  0.0000705033  0.0001581826  4.1359329975  0.0010044424  4891          0.1161589851 
0.0998714102  0.1029569316  0.0981568796  68.000000000  0.0001292588  0.0001352095  4.1537948961  0.0009985633  4964          0.1160215188 
0.0998714102  0.1029569316  0.0981568796  69.000000000  0.0004138718  0.0000409492  4.1571741921  0.0012481782  5037          0.1162537614 
0.0998714102  0.1029569316  0.0981568796  70.000000000  0.0000755493  -0.000032634  4.1740706032  0.0010561216  5110          0.1163817007 
0.0998714102  0.1029569316  0.0981568796  71.000000000  -0.000008442  -0.000005918  4.1668292660  0.0010587329  5183          0.1164589843 
0.0998714102  0.1029569316  0.0981568796  72.000000000  0.0001112762  0.0002467894  4.1600706806  0.0009791495  5256          0.1229607830 
0.0998714102  0.1029569316  0.0981568796  73.000000000  0.0000904913  0.0001009588  4.1634499080  0.0007830611  5329          0.1163692932 
0.0998714102  0.1029569316  0.0981568796  74.000000000  0.0003912449  0.0000782340  4.1446225513  0.0009605608  5402          0.1160053227 
0.0998714102  0.1029569316  0.0981568796  75.000000000  0.0001458958  -0.000136218  4.1542776611  0.0008180497  5475          0.1162115548 
0.0998714102  0.1029569316  0.0981568796  76.000000000  -0.000015170  0.0001733924  4.1508983423  0.0010706340  5548          0.1159917328 
0.0998714102  0.1029569316  0.0981568796  77.000000000  0.0000071068  0.0001011156  4.1513811236  0.0008574440  5621          0.1162638076 
0.0998714102  0.1029569316  0.0981568796  78.000000000  0.0000985420  0.0000602676  4.1431742760  0.0008082752  5694          0.1160687714 
0.0998714102  0.1029569316  0.0981568796  79.000000000  -0.000121750  0.0001357843  4.1537948243  0.0009385307  5767          0.1159658269 
0.0998714102  0.1029569316  0.0981568796  80.000000000  0.0001386714  0.0000833126  4.1537948733  0.0007793760  5840          0.1161147634 
0.0998714102  0.1029569316  0.0981568796  81.000000000  0.0001332433  0.0000207816  4.1272433980  0.0007947203  5913          0.1160184129 
0.0998714102  0.1029569316  0.0981568796  82.000000000  0.0001477052  0.0003525394  4.1436570213  0.0007966767  5986          0.1163752471 
0.0998714102  0.1029569316  0.0981568796  83.000000000  0.0001882298  -0.000035155  4.1306226482  0.0006795862  6059          0.1170041659 
0.0998714102  0.1029569316  0.0981568796  84.000000000  0.0000271569  0.0001047213  4.1552431322  0.0006937660  6132          0.1165404744 
0.0998714102  0.1029569316  0.0981568796  85.000000000  0.0001551680  -0.000023825  4.1402777678  0.0006826187  6205          0.1162281036 
0.0998714102  0.1029569316  0.0981568796  86.000000000  -0.000001143  0.0000188351  4.1484846383  0.0005589998  6278          0.1159229801 
0.0998714102  0.1029569316  0.0981568796  87.000000000  -0.000082065  -0.000075467  4.1446225349  0.0006421047  6351          0.1156741299 
0.0998714102  0.1029569316  0.0981568796  88.000000000  -0.000039123  0.0000892077  4.1253124165  0.0004978834  6424          0.1159234929 
0.0998714102  0.1029569316  0.0981568796  89.000000000  -0.000223127  -0.000052540  4.1576569309  0.0005949944  6497          0.1160392173 
0.0998714102  0.1029569316  0.0981568796  90.000000000  -0.000041354  0.0000850958  4.1518638559  0.0005268379  6570          0.1160855228 
0.0998714102  0.1029569316  0.0981568796  91.000000000  0.0003173449  0.0001681635  4.1856566129  0.0007650146  6643          0.1162683409 
0.0998714102  0.1029569316  0.0981568796  92.000000000  0.0000341102  0.0001858261  4.1557259756  0.0005972022  6716          0.1162263596 
0.0998714102  0.1029569316  0.0981568796  93.000000000  0.0000620182  0.0000283196  4.1296571705  0.0004814755  6789          0.1162049150 
0.0998714102  0.1029569316  0.0981568796  94.000000000  -0.000059660  0.0002448428  4.1668292496  0.0005109604  6862          0.1161305708 
0.0998714102  0.1029569316  0.0981568796  95.000000000  0.0000019400  -0.000011819  4.1436570703  0.0004730277  6935          0.1162387737 
0.0998714102  0.1029569316  0.0981568796  96.000000000  -0.000042275  0.0001617980  4.1528293890  0.0006490811  7008          0.1163559417 
0.0998714102  0.1029569316  0.0981568796  97.000000000  0.0001959964  0.0003960035  4.1393122248  0.0006016891  7081          0.1161831111 
0.0998714102  0.1029569316  0.0981568796  98.000000000  0.0001671837  -0.000093084  4.1639327284  0.0005195461  7154          0.1162367553 
0.0998714102  0.1029569316  0.0981568796  99.000000000  0.0001621998  -0.000082538  4.1460708363  0.0006069001  7227          0.1164331730 
0.0998714102  0.1029569316  0.0981568796  99.986301369  -0.000006609  0.0000403888  4.1431206961  0.0004920542  7299          0.1212167607 
