Environment:
	Python: 3.8.10
	PyTorch: 1.10.0+cu113
	Torchvision: 0.11.1+cu113
	CUDA: 11.3
	CUDNN: 8200
	NumPy: 1.21.4
	PIL: 8.4.0
Args:
	algorithm: KL_GP
	checkpoint_freq: None
	data_dir: /root/data
	dataset: RotatedMNIST
	epochs: None
	holdout_fraction: 0.2
	hparams: None
	hparams_seed: 7
	output_dir: ./results_sweep_kl_gp_1/609eb6c400ac28578c507745747b3828
	save_model_every_checkpoint: False
	seed: 2101447839
	skip_model_save: False
	steps: None
	task: domain_adaptation
	test_envs: [4]
	train_envs: [0]
	trial_seed: 1
	uda_holdout_fraction: 0
HParams:
	augment_softmax: 0.01
	batch_size: 64
	class_balanced: False
	data_augmentation: True
	grad_penalty: 1.1066954610692288
	kl_reg: 0.04528251850126858
	kl_reg_aux: 0.2732199565218434
	lr: 0.0029879335085287863
	nonlinear_classifier: True
	num_samples: 20
	resnet18: True
	resnet_dropout: 0.5
	specify_zdim: False
	weight_decay: 0.0
	z_dim: 512
cuda
/root/miniconda3/lib/python3.8/site-packages/torchvision/transforms/functional.py:984: UserWarning: Argument resample is deprecated and will be removed since v0.10.0. Please, use interpolation instead
  warnings.warn(
env0_out_acc  env4_in_acc   env4_out_acc  epoch         kl            kl_aux        loss          penalty       step          step_time    
0.0977282469  0.0994321226  0.0964423489  0.0000000000  1.7438893318  1.0247106552  2.3053433895  127.30374145  0             0.1410262585 
0.0977282469  0.0994321226  0.0964423489  1.0000000000  0.0056178309  0.0060636965  4.1788980585  0.0573653830  146           0.0543513625 
0.0977282469  0.0994321226  0.0964423489  2.0000000000  0.0018117787  0.0024119828  4.1562086262  0.0061686793  292           0.0541315961 
0.0977282469  0.0994321226  0.0964423489  3.0000000000  0.0014147856  0.0009155698  4.1397949376  0.0041939268  438           0.0545675510 
0.0977282469  0.0994321226  0.0964423489  4.0000000000  0.0013171320  0.0012032594  4.1605533884  0.0030042158  584           0.0538810671 
0.0977282469  0.0994321226  0.0964423489  5.0000000000  0.0006231445  0.0001288603  4.1600706365  0.0019681872  730           0.0543880561 
0.0977282469  0.0994321226  0.0964423489  6.0000000000  0.0006246795  0.0001564483  4.1451052623  0.0016312999  876           0.0542075454 
0.0977282469  0.0994321226  0.0964423489  7.0000000000  0.0000103271  0.0002161183  4.1644154509  0.0011788759  1022          0.0543221399 
0.0977282469  0.0994321226  0.0964423489  8.0000000000  0.0002043574  0.0001105054  4.1644154411  0.0011537974  1168          0.0543711708 
0.0977282469  0.0994321226  0.0964423489  9.0000000000  -0.000023982  -0.000217764  4.1591051523  0.0010601985  1314          0.0541529345 
0.0977282469  0.0994321226  0.0964423489  10.000000000  -0.000230524  0.0002081753  4.1571741153  0.0008978421  1460          0.0539450645 
0.0977282469  0.0994321226  0.0964423489  11.000000000  0.0002848710  0.0001187716  4.1547603509  0.0008299335  1606          0.0535863703 
0.0977282469  0.0994321226  0.0964423489  12.000000000  -0.000001731  0.0001889255  4.1755188083  0.0007119683  1752          0.0540526566 
0.0977282469  0.0994321226  0.0964423489  13.000000000  0.0001055770  0.0000718260  4.1460707498  0.0005317389  1898          0.0536716246 
0.0977282469  0.0994321226  0.0964423489  14.000000000  -0.000016653  0.0001129124  4.1499328156  0.0005192422  2044          0.0587811062 
0.0977282469  0.0994321226  0.0964423489  15.000000000  -0.000003791  0.0000844688  4.1653809368  0.0004877712  2190          0.0539549932 
0.0977282469  0.0994321226  0.0964423489  16.000000000  0.0000280746  -0.000051162  4.1721395107  0.0004126324  2336          0.0538273870 
0.0977282469  0.0994321226  0.0964423489  17.000000000  0.0000655520  -0.000003288  4.1803463567  0.0003863486  2482          0.0539846731 
0.0977282469  0.0994321226  0.0964423489  18.000000000  0.0001040452  0.0001009490  4.1644154297  0.0003844083  2628          0.0542113242 
0.0977282469  0.0994321226  0.0964423489  19.000000000  0.0000254716  0.0000069207  4.1286915786  0.0002943164  2774          0.0545359507 
0.0977282469  0.0994321226  0.0964423489  20.000000000  -0.000076421  0.0000032595  4.1566913275  0.0003071418  2920          0.0584764889 
0.0977282469  0.0994321226  0.0964423489  21.000000000  0.0000153829  0.0001027617  4.1644154379  0.0003003512  3066          0.0546754419 
0.0977282469  0.0994321226  0.0964423489  22.000000000  -0.000083969  -0.000066365  4.1330363914  0.0002566175  3212          0.0589418754 
0.0977282469  0.0994321226  0.0964423489  23.000000000  0.0000549408  -0.000008148  4.1639326892  0.0002186476  3358          0.0546889370 
0.0977282469  0.0994321226  0.0964423489  24.000000000  0.0000416122  -0.000077143  4.1494500751  0.0002218453  3504          0.0549811843 
0.0977282469  0.0994321226  0.0964423489  25.000000000  0.0001791536  0.0000203897  4.1547603428  0.0001964402  3650          0.0554675223 
0.0977282469  0.0994321226  0.0964423489  26.000000000  0.0001435149  0.0000105819  4.1595879075  0.0001905204  3796          0.0559000904 
0.0977282469  0.0994321226  0.0964423489  27.000000000  -0.000008991  0.0000431374  4.1489672596  0.0001839724  3942          0.0552164316 
0.0977282469  0.0994321226  0.0964423489  28.000000000  -0.000088270  0.0001211362  4.1653809449  0.0001661227  4088          0.0550498554 
0.0977282469  0.0994321226  0.0964423489  29.000000000  0.0000336431  0.0000749222  4.1562086213  0.0001459976  4234          0.0551735489 
0.0977282469  0.0994321226  0.0964423489  30.000000000  0.0000958508  0.0000191747  4.1518638477  0.0001355007  4380          0.0553902192 
0.0977282469  0.0994321226  0.0964423489  31.000000000  0.0000735309  0.0001097085  4.1711739743  0.0001149254  4526          0.0551913552 
0.0977282469  0.0994321226  0.0964423489  32.000000000  0.0000186424  -0.000038819  4.1480017656  0.0001238291  4672          0.0549344020 
0.0977282469  0.0994321226  0.0964423489  33.000000000  -0.000015418  0.0000292340  4.1552431077  0.0001212252  4818          0.0551647209 
0.0977282469  0.0994321226  0.0964423489  34.000000000  0.0000762319  -0.000121982  4.1566913699  0.0001257778  4964          0.0554562219 
0.0977282469  0.0994321226  0.0964423489  35.000000000  0.0000355505  0.0001019256  4.1340018984  0.0000962496  5110          0.0551894577 
0.0977282469  0.0994321226  0.0964423489  36.000000000  -0.000007400  0.0001579441  4.1615189004  0.0001063274  5256          0.0553514990 
0.0977282469  0.0994321226  0.0964423489  37.000000000  -0.000085337  -0.000022159  4.1412432014  0.0000959395  5402          0.0549761481 
0.0977282469  0.0994321226  0.0964423489  38.000000000  0.0000286723  0.0000358150  4.1808291118  0.0000856526  5548          0.0549164439 
0.0977282469  0.0994321226  0.0964423489  39.000000000  0.0000697423  0.0000474486  4.1566913569  0.0000865469  5694          0.0548544632 
0.0977282469  0.0994321226  0.0964423489  40.000000000  0.0000093865  0.0001147185  4.1499328123  0.0000699963  5840          0.0547847780 
0.0977282469  0.0994321226  0.0964423489  41.000000000  0.0000783450  -0.000012966  4.1687601772  0.0000568812  5986          0.0550771723 
0.0977282469  0.0994321226  0.0964423489  42.000000000  0.0000601697  -0.000046971  4.1557258302  0.0000601003  6132          0.0553844416 
0.0977282469  0.0994321226  0.0964423489  43.000000000  0.0000336007  0.0000117152  4.1576568770  0.0000564513  6278          0.0554892739 
0.0977282469  0.0994321226  0.0964423489  44.000000000  -0.000063099  -0.000001766  4.1639326795  0.0000557330  6424          0.0555070263 
0.0977282469  0.0994321226  0.0964423489  45.000000000  0.0000435196  0.0000168624  4.1726222838  0.0000736768  6570          0.0557375167 
0.0977282469  0.0994321226  0.0964423489  46.000000000  -0.000042745  0.0000918173  4.1610361370  0.0000604726  6716          0.0556836030 
0.0977282469  0.0994321226  0.0964423489  47.000000000  0.0000785802  0.0000877740  4.1219330144  0.0000469082  6862          0.0553570137 
0.0977282469  0.0994321226  0.0964423489  48.000000000  0.0000146709  0.0000512469  4.1716567605  0.0000512924  7008          0.0562969577 
0.0977282469  0.0994321226  0.0964423489  49.000000000  0.0000679036  0.0000714831  4.1668292251  0.0000439784  7154          0.0558120486 
0.0977282469  0.0994321226  0.0964423489  50.000000000  0.0000645461  -0.000015680  4.1648981947  0.0000396754  7300          0.0560079699 
0.0977282469  0.0994321226  0.0964423489  51.000000000  -0.000004840  -0.000005774  4.1653809890  0.0000395019  7446          0.0554659252 
0.0977282469  0.0994321226  0.0964423489  52.000000000  -0.000043640  0.0000443850  4.1552431175  0.0000345347  7592          0.0553722953 
0.0977282469  0.0994321226  0.0964423489  53.000000000  -0.000030445  0.0000148179  4.1388294534  0.0000298655  7738          0.0551449028 
0.0977282469  0.0994321226  0.0964423489  54.000000000  -0.000001704  0.0000247890  4.1311053626  0.0000262572  7884          0.0553244908 
0.0977282469  0.0994321226  0.0964423489  55.000000000  -0.000022026  0.0000105165  4.1504155332  0.0000262521  8030          0.0549471182 
0.0977282469  0.0994321226  0.0964423489  56.000000000  0.0000637100  0.0000540524  4.1566913389  0.0000375202  8176          0.0550550402 
0.0977282469  0.0994321226  0.0964423489  57.000000000  0.0000252626  0.0000283555  4.1586223710  0.0000264770  8322          0.0549526900 
0.0977282469  0.0994321226  0.0964423489  58.000000000  0.0000282771  0.0000223460  4.1706912126  0.0000241172  8468          0.0554812346 
0.0977282469  0.0994321226  0.0964423489  59.000000000  -0.000008374  -0.000013037  4.1682774335  0.0000254382  8614          0.0545582396 
0.0977282469  0.0994321226  0.0964423489  60.000000000  0.0000811276  -0.000041775  4.1653808927  0.0000262796  8760          0.0550611787 
0.0977282469  0.0994321226  0.0964423489  61.000000000  0.0000584223  0.0000982023  4.1383466802  0.0000354406  8906          0.0551147804 
0.0977282469  0.0994321226  0.0964423489  62.000000000  -0.000015141  -0.000002348  4.1648981865  0.0000240745  9052          0.0550817806 
0.0977282469  0.0994321226  0.0964423489  63.000000000  0.0000097556  0.0000101181  4.1508983161  0.0000198670  9198          0.0551542387 
0.0977282469  0.0994321226  0.0964423489  64.000000000  0.0000194883  0.0000549800  4.1605534047  0.0000260424  9344          0.0550456276 
0.0977282469  0.0994321226  0.0964423489  65.000000000  0.0000101932  0.0001082682  4.1282088773  0.0000132182  9490          0.0549629241 
0.0977282469  0.0994321226  0.0964423489  66.000000000  0.0000775154  0.0000028055  4.1566913585  0.0000139512  9636          0.0553441097 
0.0977282469  0.0994321226  0.0964423489  67.000000000  0.0001202446  -0.000039188  4.1475189908  0.0000150511  9782          0.0549500038 
0.0977282469  0.0994321226  0.0964423489  68.000000000  0.0000552772  -0.000227941  4.1499327911  0.0000251761  9928          0.0549531048 
0.0977282469  0.0994321226  0.0964423489  69.000000000  -0.000166239  0.0001728927  4.1441397357  0.0000234323  10074         0.0546337840 
0.0977282469  0.0994321226  0.0964423489  70.000000000  0.0000424450  0.0000453355  4.1233812995  0.0000134911  10220         0.0548109175 
0.0977282469  0.0994321226  0.0964423489  71.000000000  0.0000479744  0.0000238713  4.1639326892  0.0000117565  10366         0.0547064347 
0.0977282469  0.0994321226  0.0964423489  72.000000000  -0.000028133  0.0000235642  4.1677946505  0.0000102250  10512         0.0549794631 
0.0977282469  0.0994321226  0.0964423489  73.000000000  0.0000747393  -0.000020980  4.1364156694  0.0000140415  10658         0.0587495141 
0.0977282469  0.0994321226  0.0964423489  74.000000000  0.0000870358  -0.000004379  4.1364156971  0.0000164154  10804         0.0546927517 
0.0977282469  0.0994321226  0.0964423489  75.000000000  -0.000000810  -0.000030550  4.1470362601  0.0000165305  10950         0.0539318748 
0.0977282469  0.0994321226  0.0964423489  76.000000000  -0.000006117  0.0000974773  4.1600706594  0.0000090690  11096         0.0547033320 
0.0977282469  0.0994321226  0.0964423489  77.000000000  0.0000002188  0.0000198508  4.1740705444  0.0000114400  11242         0.0545652844 
0.0977282469  0.0994321226  0.0964423489  78.000000000  0.0000543268  0.0000543072  4.1417259811  0.0000077984  11388         0.0545168201 
0.0977282469  0.0994321226  0.0964423489  79.000000000  -0.000078139  0.0000335419  4.1668292088  0.0000069329  11534         0.0544913877 
0.0977282469  0.0994321226  0.0964423489  80.000000000  0.0001398178  -0.000042089  4.1755188393  0.0000148409  11680         0.0544277756 
0.0977282469  0.0994321226  0.0964423489  81.000000000  0.0000703727  0.0000598104  4.1368984278  0.0000072644  11826         0.0539908932 
0.0977282469  0.0994321226  0.0964423489  82.000000000  0.0000014566  -0.000010516  4.1499327960  0.0000079736  11972         0.0542132610 
0.0977282469  0.0994321226  0.0964423489  83.000000000  -0.000024322  0.0000999758  4.1566913830  0.0000058318  12118         0.0542048591 
0.0977282469  0.0994321226  0.0964423489  84.000000000  0.0000199324  0.0000106047  4.1475190512  0.0000050743  12264         0.0541743105 
0.0977282469  0.0994321226  0.0964423489  85.000000000  0.0000760817  0.0000276076  4.1702084933  0.0000043849  12410         0.0540194168 
0.0977282469  0.0994321226  0.0964423489  86.000000000  -0.000034521  0.0000457992  4.1784153458  0.0000058425  12556         0.0540327340 
0.0977282469  0.0994321226  0.0964423489  87.000000000  0.0000364421  0.0000272842  4.1827601554  0.0000052829  12702         0.0540396187 
0.0977282469  0.0994321226  0.0964423489  88.000000000  -0.000086271  -0.000052527  4.1813118621  0.0000038721  12848         0.0545710325 
0.0977282469  0.0994321226  0.0964423489  89.000000000  0.0000814118  0.0001148198  4.1518638150  0.0000073033  12994         0.0580393125 
0.0977282469  0.0994321226  0.0964423489  90.000000000  0.0000041674  0.0000466745  4.1653809156  0.0000019346  13140         0.0548894667 
0.0977282469  0.0994321226  0.0964423489  91.000000000  -0.000084478  0.0000037657  4.1446225055  0.0000027142  13286         0.0547958694 
0.0977282469  0.0994321226  0.0964423489  92.000000000  -0.000015232  0.0000316444  4.1890359039  0.0000026611  13432         0.0543805051 
0.0977282469  0.0994321226  0.0964423489  93.000000000  0.0000383201  0.0000353676  4.1615189134  0.0000021625  13578         0.0543867088 
0.0977282469  0.0994321226  0.0964423489  94.000000000  -0.000002851  0.0000089260  4.1653809564  0.0000017215  13724         0.0545707941 
0.0977282469  0.0994321226  0.0964423489  95.000000000  -0.000001316  -0.000024606  4.1475190218  0.0000021383  13870         0.0545137125 
0.0977282469  0.0994321226  0.0964423489  96.000000000  0.0001276617  -0.000001113  4.1504155773  0.0000046169  14016         0.0543120071 
0.0977282469  0.0994321226  0.0964423489  97.000000000  0.0000763495  0.0000598333  4.1808290563  0.0000019365  14162         0.0551036433 
0.0977282469  0.0994321226  0.0964423489  98.000000000  -0.000001737  0.0000409002  4.1470362585  0.0000012240  14308         0.0541340276 
0.0977282469  0.0994321226  0.0964423489  99.000000000  -0.000012727  -0.000002521  4.1354501411  0.0000017087  14454         0.0547509928 
0.0977282469  0.0994321226  0.0964423489  99.993150684  0.0000312213  0.0000649650  4.1458210633  0.0000014549  14599         0.0545892091 
