Environment:
	Python: 3.8.10
	PyTorch: 1.10.0+cu113
	Torchvision: 0.11.1+cu113
	CUDA: 11.3
	CUDNN: 8200
	NumPy: 1.21.4
	PIL: 8.4.0
Args:
	algorithm: KL_GP
	checkpoint_freq: None
	data_dir: /root/data
	dataset: RotatedMNIST
	epochs: None
	holdout_fraction: 0.2
	hparams: None
	hparams_seed: 7
	output_dir: ./results_sweep_kl_gp_1/555d4b17ead230e713050997db175e06
	save_model_every_checkpoint: False
	seed: 1111205366
	skip_model_save: False
	steps: None
	task: domain_adaptation
	test_envs: [5]
	train_envs: [0]
	trial_seed: 1
	uda_holdout_fraction: 0
HParams:
	augment_softmax: 0.01
	batch_size: 64
	class_balanced: False
	data_augmentation: True
	grad_penalty: 1.1066954610692288
	kl_reg: 0.04528251850126858
	kl_reg_aux: 0.2732199565218434
	lr: 0.0029879335085287863
	nonlinear_classifier: True
	num_samples: 20
	resnet18: True
	resnet_dropout: 0.5
	specify_zdim: False
	weight_decay: 0.0
	z_dim: 512
cuda
/root/miniconda3/lib/python3.8/site-packages/torchvision/transforms/functional.py:984: UserWarning: Argument resample is deprecated and will be removed since v0.10.0. Please, use interpolation instead
  warnings.warn(
env0_out_acc  env5_in_acc   env5_out_acc  epoch         kl            kl_aux        loss          penalty       step          step_time    
0.0951564509  0.0957891353  0.0972996142  0.0000000000  2.5051484108  2.2416596413  2.3214497566  232.28680419  0             0.1581776142 
0.0951564509  0.0957891353  0.0972996142  1.0000000000  0.0607476267  0.0612020721  4.1557258449  0.2208914479  146           0.0533187144 
0.0951564509  0.0957891353  0.0972996142  2.0000000000  0.0274252630  0.0305807362  4.1909669474  0.0322740940  292           0.0537618137 
0.0951564509  0.0957891353  0.0972996142  3.0000000000  0.0192949151  0.0172275321  4.1648981865  0.0187230947  438           0.0539668684 
0.0951564509  0.0957891353  0.0972996142  4.0000000000  0.0135583453  0.0132839516  4.1798635966  0.0123168085  584           0.0543822916 
0.0951564509  0.0957891353  0.0972996142  5.0000000000  0.0066565455  0.0083645566  4.1755187658  0.0085534373  730           0.0538367458 
0.0951564509  0.0957891353  0.0972996142  6.0000000000  0.0029340933  0.0042060826  4.1750360368  0.0060313054  876           0.0536282699 
0.0951564509  0.0957891353  0.0972996142  7.0000000000  0.0030194015  0.0037246698  4.1721395270  0.0047015999  1022          0.0541489222 
0.0951564509  0.0957891353  0.0972996142  8.0000000000  0.0011825300  0.0014430072  4.1470362601  0.0035768458  1168          0.0533995596 
0.0951564509  0.0957891353  0.0972996142  9.0000000000  0.0017396620  0.0017776359  4.1533120838  0.0031199230  1314          0.0533633314 
0.0951564509  0.0957891353  0.0972996142  10.000000000  0.0007830973  0.0009462376  4.1764842778  0.0025681350  1460          0.0537446950 
0.0951564509  0.0957891353  0.0972996142  11.000000000  0.0001881351  0.0004117456  4.1842083425  0.0018455617  1606          0.0532851856 
0.0951564509  0.0957891353  0.0972996142  12.000000000  0.0005675865  -0.000047249  4.1813118392  0.0019280220  1752          0.0539233260 
0.0951564509  0.0957891353  0.0972996142  13.000000000  0.0000380000  0.0004039529  4.1711739939  0.0014816805  1898          0.0543542480 
0.0951564509  0.0957891353  0.0972996142  14.000000000  -0.000106458  0.0001573399  4.1948289267  0.0012942108  2044          0.0542219877 
0.0951564509  0.0957891353  0.0972996142  15.000000000  0.0000411582  -0.000113333  4.2155874314  0.0011602213  2190          0.0538272417 
0.0951564509  0.0957891353  0.0972996142  16.000000000  0.0001991840  0.0000784169  4.1610361583  0.0011104958  2336          0.0539134349 
0.0951564509  0.0957891353  0.0972996142  17.000000000  0.0001294548  0.0000071526  4.1793808055  0.0008890140  2482          0.0538632951 
0.0951564509  0.0957891353  0.0972996142  18.000000000  -0.000103179  0.0001897387  4.1620016588  0.0008087642  2628          0.0533879620 
0.0951564509  0.0957891353  0.0972996142  19.000000000  0.0001273090  -0.000137090  4.1769670607  0.0008010844  2774          0.0535922851 
0.0951564509  0.0957891353  0.0972996142  20.000000000  0.0000848084  0.0000146905  4.1716567735  0.0007096820  2920          0.0533435557 
0.0951564509  0.0957891353  0.0972996142  21.000000000  0.0003104145  -0.000109038  4.1919324055  0.0005989144  3066          0.0533063624 
0.0951564509  0.0957891353  0.0972996142  22.000000000  0.0000306548  0.0000102553  4.1721394748  0.0005944743  3212          0.0533530092 
0.0951564509  0.0957891353  0.0972996142  23.000000000  0.0000971931  0.0000365466  4.1793808415  0.0005048656  3358          0.0533720010 
0.0951564509  0.0957891353  0.0972996142  24.000000000  0.0000727438  0.0000204681  4.1822773137  0.0005014985  3504          0.0536274518 
0.0951564509  0.0957891353  0.0972996142  25.000000000  -0.000087248  -0.000224263  4.1808290743  0.0004375237  3650          0.0532870979 
0.0951564509  0.0957891353  0.0972996142  26.000000000  0.0002170197  -0.000044989  4.1788980749  0.0004671648  3796          0.0533353254 
0.0951564509  0.0957891353  0.0972996142  27.000000000  0.0001018701  0.0001404187  4.1938635013  0.0003860907  3942          0.0533303169 
0.0951564509  0.0957891353  0.0972996142  28.000000000  -0.000036912  0.0001359215  4.1740705069  0.0003377924  4088          0.0533055508 
0.0951564509  0.0957891353  0.0972996142  29.000000000  0.0001128700  0.0000274377  4.1740705493  0.0003471832  4234          0.0535218471 
0.0951564509  0.0957891353  0.0972996142  30.000000000  -0.000065617  -0.000041017  4.1716567458  0.0003145407  4380          0.0534636093 
0.0951564509  0.0957891353  0.0972996142  31.000000000  0.0000113298  0.0000744291  4.1658637083  0.0003252474  4526          0.0532073387 
0.0951564509  0.0957891353  0.0972996142  32.000000000  0.0001512390  -0.000060839  4.1866221150  0.0002966880  4672          0.0531739960 
0.0951564509  0.0957891353  0.0972996142  33.000000000  0.0000418114  -0.000008354  4.1489672922  0.0003050364  4818          0.0531983065 
0.0951564509  0.0957891353  0.0972996142  34.000000000  0.0001088234  0.0000329834  4.1793808153  0.0002327708  4964          0.0533243156 
0.0951564509  0.0957891353  0.0972996142  35.000000000  0.0001719292  -0.000016816  4.1755188132  0.0002391817  5110          0.0533319124 
0.0951564509  0.0957891353  0.0972996142  36.000000000  0.0001795684  -0.000026124  4.1967600159  0.0002157687  5256          0.0534486248 
0.0951564509  0.0957891353  0.0972996142  37.000000000  -0.000021679  0.0000816861  4.1784152887  0.0001958194  5402          0.0532448667 
0.0951564509  0.0957891353  0.0972996142  38.000000000  0.0001157147  -0.000122498  4.1687602017  0.0001817695  5548          0.0535743335 
0.0951564509  0.0957891353  0.0972996142  39.000000000  0.0000304817  0.0000030537  4.1692429732  0.0001779070  5694          0.0533054169 
0.0951564509  0.0957891353  0.0972996142  40.000000000  0.0001013442  0.0000642620  4.1692429748  0.0001628332  5840          0.0536051009 
0.0951564509  0.0957891353  0.0972996142  41.000000000  0.0000222644  -0.000024887  4.1731050112  0.0001805220  5986          0.0546908150 
0.0951564509  0.0957891353  0.0972996142  42.000000000  -0.000097284  0.0002133095  4.1885531635  0.0001511836  6132          0.0545260727 
0.0951564509  0.0957891353  0.0972996142  43.000000000  0.0000201937  0.0001893468  4.1726222871  0.0001435175  6278          0.0541249399 
0.0951564509  0.0957891353  0.0972996142  44.000000000  0.0000597026  0.0001313458  4.1851738904  0.0001179493  6424          0.0536066588 
0.0951564509  0.0957891353  0.0972996142  45.000000000  -0.000018041  0.0000346589  4.1513810762  0.0001177431  6570          0.0535590044 
0.0951564509  0.0957891353  0.0972996142  46.000000000  -0.000019040  0.0000742723  4.2064150523  0.0001072527  6716          0.0535003502 
0.0951564509  0.0957891353  0.0972996142  47.000000000  -0.000076963  -0.000049339  4.1779325678  0.0000974811  6862          0.0534371464 
0.0951564509  0.0957891353  0.0972996142  48.000000000  0.0000210037  0.0001598090  4.1788980128  0.0000906084  7008          0.0534504293 
0.0951564509  0.0957891353  0.0972996142  49.000000000  0.0000691055  0.0000675378  4.1842083898  0.0000970746  7154          0.0567137574 
0.0951564509  0.0957891353  0.0972996142  50.000000000  0.0000821270  0.0000787663  4.1687602164  0.0000876315  7300          0.0538585170 
0.0951564509  0.0957891353  0.0972996142  51.000000000  -0.000022849  -0.000030050  4.1928979469  0.0000876448  7446          0.0544858991 
0.0951564509  0.0957891353  0.0972996142  52.000000000  -0.000011071  -0.000146963  4.1740705363  0.0000878046  7592          0.0543830574 
0.0951564509  0.0957891353  0.0972996142  53.000000000  -0.000002028  -0.000038898  4.1866221069  0.0000804913  7738          0.0541696940 
0.0951564509  0.0957891353  0.0972996142  54.000000000  -0.000058030  0.0000655782  4.2208976713  0.0000711451  7884          0.0545799471 
0.0951564509  0.0957891353  0.0972996142  55.000000000  -0.000006953  0.0000254422  4.1822773283  0.0000618133  8030          0.0545533422 
0.0951564509  0.0957891353  0.0972996142  56.000000000  0.0000036187  -0.000010441  4.1798635885  0.0000610967  8176          0.0545306941 
0.0951564509  0.0957891353  0.0972996142  57.000000000  0.0000862977  0.0000544215  4.1827601129  0.0000527834  8322          0.0546324253 
0.0951564509  0.0957891353  0.0972996142  58.000000000  0.0000558389  0.0000548493  4.1928979485  0.0000546056  8468          0.0550415973 
0.0951564509  0.0957891353  0.0972996142  59.000000000  0.0000803177  -0.000022839  4.1764843072  0.0000523066  8614          0.0544282639 
0.0951564509  0.0957891353  0.0972996142  60.000000000  0.0001600834  0.0000142104  4.1788980749  0.0000596549  8760          0.0544356761 
0.0951564509  0.0957891353  0.0972996142  61.000000000  0.0000511196  0.0000195699  4.1615188971  0.0000441664  8906          0.0542557811 
0.0951564509  0.0957891353  0.0972996142  62.000000000  -0.000083645  0.0000344041  4.1600706594  0.0000444995  9052          0.0543424283 
0.0951564509  0.0957891353  0.0972996142  63.000000000  0.0000733153  -0.000006107  4.1653809433  0.0000396735  9198          0.0541942985 
0.0951564509  0.0957891353  0.0972996142  64.000000000  -0.000217715  -0.000082427  4.1639326566  0.0000416994  9344          0.0540109073 
0.0951564509  0.0957891353  0.0972996142  65.000000000  0.0001111684  -0.000038859  4.1851738822  0.0000469956  9490          0.0542764174 
0.0951564509  0.0957891353  0.0972996142  66.000000000  0.0001620234  0.0000938063  4.1716567800  0.0000416630  9636          0.0541556077 
0.0951564509  0.0957891353  0.0972996142  67.000000000  0.0000388198  0.0000537258  4.1668292382  0.0000330257  9782          0.0582388460 
0.0951564509  0.0957891353  0.0972996142  68.000000000  -0.000004549  -0.000010777  4.1755187920  0.0000315051  9928          0.0550059635 
0.0951564509  0.0957891353  0.0972996142  69.000000000  -0.000125333  0.0001284946  4.1803463224  0.0000289655  10074         0.0582548609 
0.0951564509  0.0957891353  0.0972996142  70.000000000  0.0001549819  -0.000044923  4.1875876384  0.0000262477  10220         0.0541850394 
0.0951564509  0.0957891353  0.0972996142  71.000000000  -0.000020980  -0.000026337  4.2088288412  0.0000348458  10366         0.0544677124 
0.0951564509  0.0957891353  0.0972996142  72.000000000  -0.000135467  0.0001422379  4.1798635721  0.0000276670  10512         0.0539353073 
0.0951564509  0.0957891353  0.0972996142  73.000000000  0.0000230156  0.0000318501  4.1808290661  0.0000183645  10658         0.0543144762 
0.0951564509  0.0957891353  0.0972996142  74.000000000  0.0001161556  0.0000612409  4.1600706365  0.0000176197  10804         0.0539967393 
0.0951564509  0.0957891353  0.0972996142  75.000000000  0.0000506231  0.0000955601  4.1803463371  0.0000168520  10950         0.0541944014 
0.0951564509  0.0957891353  0.0972996142  76.000000000  -0.000043754  -0.000004190  4.1692429585  0.0000169894  11096         0.0577578692 
0.0951564509  0.0957891353  0.0972996142  77.000000000  0.0000456621  0.0000201937  4.1972427597  0.0000170847  11242         0.0537245061 
0.0951564509  0.0957891353  0.0972996142  78.000000000  0.0000728222  0.0000168330  4.1948289659  0.0000178552  11388         0.0542854299 
0.0951564509  0.0957891353  0.0972996142  79.000000000  0.0000233552  0.0000219574  4.1924151721  0.0000160960  11534         0.0538327727 
0.0951564509  0.0957891353  0.0972996142  80.000000000  0.0000027957  0.0001168708  4.1764842990  0.0000178302  11680         0.0545509923 
0.0951564509  0.0957891353  0.0972996142  81.000000000  0.0000869967  -0.000061116  4.1991737558  0.0000144001  11826         0.0543713210 
0.0951564509  0.0957891353  0.0972996142  82.000000000  -0.000115038  0.0000941917  4.1624843780  0.0000146567  11972         0.0547518812 
0.0951564509  0.0957891353  0.0972996142  83.000000000  -0.000017724  0.0000270719  4.1813118539  0.0000139617  12118         0.0543467427 
0.0951564509  0.0957891353  0.0972996142  84.000000000  -0.000019893  0.0000439866  4.1890359121  0.0000184187  12264         0.0542843440 
0.0951564509  0.0957891353  0.0972996142  85.000000000  0.0000591343  0.0000244395  4.1764842990  0.0000127809  12410         0.0541188505 
0.0951564509  0.0957891353  0.0972996142  86.000000000  0.0000599051  0.0000686874  4.1895186901  0.0000100251  12556         0.0538899458 
0.0951564509  0.0957891353  0.0972996142  87.000000000  0.0001517943  0.0000688213  4.1885531830  0.0000100915  12702         0.0541287171 
0.0951564509  0.0957891353  0.0972996142  88.000000000  0.0000291295  0.0000079299  4.1755187969  0.0000061825  12848         0.0538435946 
0.0951564509  0.0957891353  0.0972996142  89.000000000  -0.000002073  0.0000340122  4.1832428860  0.0000072267  12994         0.0539678531 
0.0951564509  0.0957891353  0.0972996142  90.000000000  -0.000046736  -0.000106429  4.1909669589  0.0000111649  13140         0.0539162926 
0.0951564509  0.0957891353  0.0972996142  91.000000000  -0.000035697  0.0001150190  4.1581396387  0.0000131635  13286         0.0537514834 
0.0951564509  0.0957891353  0.0972996142  92.000000000  0.0000388426  0.0000432093  4.1875876352  0.0000106344  13432         0.0542207875 
0.0951564509  0.0957891353  0.0972996142  93.000000000  -0.000013821  -0.000097921  4.1793808006  0.0000066647  13578         0.0538353740 
0.0951564509  0.0957891353  0.0972996142  94.000000000  0.0000815555  0.0001256760  4.1793807794  0.0000107368  13724         0.0545793527 
0.0951564509  0.0957891353  0.0972996142  95.000000000  0.0000270752  0.0000915037  4.1721395172  0.0000043669  13870         0.0544518608 
0.0951564509  0.0957891353  0.0972996142  96.000000000  0.0000465341  0.0000315660  4.1774497963  0.0000029662  14016         0.0542329435 
0.0951564509  0.0957891353  0.0972996142  97.000000000  -0.000016463  -0.000051557  4.1822773528  0.0000039188  14162         0.0545054511 
0.0951564509  0.0957891353  0.0972996142  98.000000000  -0.000046298  0.0001167696  4.1600706577  0.0000037584  14308         0.0545724238 
0.0951564509  0.0957891353  0.0972996142  99.000000000  0.0000902986  -0.000018505  4.1668292186  0.0000034239  14454         0.0539770959 
0.0951564509  0.0957891353  0.0972996142  99.993150684  0.0000200568  0.0000445958  4.1686669942  0.0000050222  14599         0.0540858121 
