Environment:
	Python: 3.8.10
	PyTorch: 1.10.0+cu113
	Torchvision: 0.11.1+cu113
	CUDA: 11.3
	CUDNN: 8200
	NumPy: 1.21.4
	PIL: 8.4.0
Args:
	algorithm: KL_GP
	checkpoint_freq: None
	data_dir: /root/data
	dataset: RotatedMNIST
	epochs: None
	holdout_fraction: 0.2
	hparams: None
	hparams_seed: 8
	output_dir: ./results_sweep_kl_gp_1/acd186f9eae2d2846d6996e2ea033229
	save_model_every_checkpoint: False
	seed: 524429719
	skip_model_save: False
	steps: None
	task: domain_adaptation
	test_envs: [3]
	train_envs: [0]
	trial_seed: 2
	uda_holdout_fraction: 0
HParams:
	augment_softmax: 0.0
	batch_size: 256
	class_balanced: False
	data_augmentation: True
	grad_penalty: 0.13115054336972437
	kl_reg: 0.1552547420459394
	kl_reg_aux: 0.8718397415161302
	lr: 0.0003801688182249507
	nonlinear_classifier: True
	num_samples: 20
	resnet18: True
	resnet_dropout: 0.0
	specify_zdim: False
	weight_decay: 0.0
	z_dim: 128
cuda
/root/miniconda3/lib/python3.8/site-packages/torchvision/transforms/functional.py:984: UserWarning: Argument resample is deprecated and will be removed since v0.10.0. Please, use interpolation instead
  warnings.warn(
env0_out_acc  env3_in_acc   env3_out_acc  epoch         kl            kl_aux        loss          penalty       step          step_time    
0.0900128590  0.0918148704  0.0895842263  0.0000000000  0.2246036828  0.2605971992  2.3096435070  62.150283813  0             0.2185316086 
0.1140162880  0.1094921791  0.1307329619  1.0000000000  0.0226548165  0.0177550887  2.3143289354  2.5486039399  36            0.1187886397 
0.1144449207  0.1094921791  0.1307329619  2.0000000000  0.0015101218  0.0035814519  2.3025173479  0.1205556970  72            0.1186864509 
0.1144449207  0.1094921791  0.1307329619  3.0000000000  0.0013622857  0.0014216353  2.3022969961  0.0857093639  108           0.1185260614 
0.1144449207  0.1094921791  0.1307329619  4.0000000000  0.0012326555  0.0008684720  2.3010667364  0.0687325369  144           0.1187500225 
0.1028718388  0.0999571459  0.0968709816  5.0000000000  0.0021692051  0.0018888977  2.3020508157  0.0536307899  180           0.1183916463 
0.1144449207  0.1094921791  0.1307329619  6.0000000000  0.0006493181  0.0007265359  2.3028305173  0.0422443874  216           0.1186334160 
0.1144449207  0.1094921791  0.1307329619  7.0000000000  0.0006884179  0.0016507357  2.3028437230  0.0363443076  252           0.1190066934 
0.1144449207  0.1094921791  0.1307329619  8.0000000000  0.0010052423  0.0008822862  2.3029327128  0.0311334589  288           0.1189700431 
0.1144449207  0.1094921791  0.1307329619  9.0000000000  0.0004507013  0.0013060338  2.3030972944  0.0274242283  324           0.1190831992 
0.1144449207  0.1094921791  0.1307329619  10.000000000  0.0010982537  0.0001980000  2.3020450009  0.0232155627  360           0.1190280848 
0.1144449207  0.1094921791  0.1307329619  11.000000000  0.0013112533  0.0003901679  2.3014898366  0.0230997519  396           0.1191644735 
0.1144449207  0.1094921791  0.1307329619  12.000000000  0.0001026781  0.0006495160  2.3026850753  0.0204102898  432           0.1188954843 
0.1144449207  0.1094921791  0.1307329619  13.000000000  0.0008637607  -0.000160650  2.3026823931  0.0179257401  468           0.1187093324 
0.1144449207  0.1094921791  0.1307329619  14.000000000  0.0004331155  0.0001512658  2.3027121756  0.0170545777  504           0.1188357009 
0.1020145735  0.0996357403  0.1058722675  15.000000000  0.0005083117  0.0004611553  2.3023378584  0.0178838835  540           0.1188929147 
0.1144449207  0.1094921791  0.1307329619  16.000000000  0.0003111636  -0.000280751  2.3035851452  0.0167780008  576           0.1184948881 
0.1144449207  0.1094921791  0.1307329619  17.000000000  0.0003684519  0.0002562660  2.3020072579  0.0179637420  612           0.1185752882 
0.1144449207  0.1094921791  0.1307329619  18.000000000  0.0000014893  0.0005651315  2.3011157711  0.0144936301  648           0.1188076006 
0.1144449207  0.1094921791  0.1307329619  19.000000000  0.0002566510  0.0007418369  2.3022606903  0.0146894400  684           0.1185415453 
0.1144449207  0.1094921791  0.1307329619  20.000000000  0.0002378987  0.0000808545  2.3022716774  0.0127787787  720           0.1187138359 
0.1144449207  0.1094921791  0.1307329619  21.000000000  0.0000855335  0.0003436224  2.3018674122  0.0111824176  756           0.1186297602 
0.0990141449  0.0999571459  0.1063009001  22.000000000  0.0001967731  0.0003708179  2.3028761546  0.0112876010  792           0.1185384724 
0.1144449207  0.1094921791  0.1307329619  23.000000000  0.0002175909  -0.000147242  2.3022497429  0.0105796328  828           0.1187374857 
0.1144449207  0.1094921791  0.1307329619  24.000000000  -0.000194942  0.0005023057  2.3025456866  0.0101845019  864           0.1185975075 
0.1144449207  0.1094921791  0.1307329619  25.000000000  0.0002849028  0.0001548794  2.3016034895  0.0100523411  900           0.1185120874 
0.1144449207  0.1094921791  0.1307329619  26.000000000  0.0002568066  0.0002189949  2.3013359706  0.0101647079  936           0.1186440918 
0.1144449207  0.1094921791  0.1307329619  27.000000000  0.0003624500  0.0002140138  2.3038410809  0.0101014636  972           0.1184430122 
0.1144449207  0.1094921791  0.1307329619  28.000000000  0.0000292344  0.0002921431  2.3021389312  0.0095935087  1008          0.1186745763 
0.1144449207  0.1094921791  0.1307329619  29.000000000  0.0002202963  0.0001762427  2.3016084631  0.0085208439  1044          0.1188831859 
0.1144449207  0.1094921791  0.1307329619  30.000000000  0.0001765307  0.0003789630  2.3023311562  0.0081575510  1080          0.1191960772 
0.1144449207  0.1094921791  0.1307329619  31.000000000  0.0000303909  0.0003793844  2.3013187051  0.0080917868  1116          0.1189349824 
0.1144449207  0.1094921791  0.1307329619  32.000000000  0.0002512402  0.0001127662  2.3040377829  0.0084391979  1152          0.1190657947 
0.0977282469  0.0936361688  0.0947278183  33.000000000  0.0001271003  0.0001087073  2.3012719750  0.0076959998  1188          0.1190532512 
0.0990141449  0.0999571459  0.1063009001  34.000000000  -0.000213916  -0.000473235  2.3021791246  0.0078434485  1224          0.1191328632 
0.1144449207  0.1094921791  0.1307329619  35.000000000  0.0001722127  -0.000310223  2.3027636806  0.0093835675  1260          0.1191043191 
0.1144449207  0.1094921791  0.1307329619  36.000000000  0.0000973526  -0.000059175  2.3021535277  0.0067379208  1296          0.1189858384 
0.1144449207  0.1094921791  0.1307329619  37.000000000  0.0003305508  0.0001789323  2.3028642469  0.0065660989  1332          0.1185088290 
0.1144449207  0.1094921791  0.1307329619  38.000000000  0.0001643424  0.0001647348  2.3034993940  0.0069958607  1368          0.1185046766 
0.0990141449  0.0999571459  0.1063009001  39.000000000  0.0000572801  0.0000600302  2.3032993476  0.0067658276  1404          0.1185137497 
0.1144449207  0.1094921791  0.1307329619  40.000000000  0.0002053753  0.0001588141  2.3033852114  0.0059100917  1440          0.1184351179 
0.0964423489  0.0941718449  0.0844406344  41.000000000  0.0000153929  -0.000075659  2.3037072486  0.0065118094  1476          0.1183296839 
0.1020145735  0.0996357403  0.1058722675  42.000000000  0.0001269670  0.0001423326  2.3041407135  0.0063632736  1512          0.1185135179 
0.1144449207  0.1094921791  0.1307329619  43.000000000  -0.000075760  0.0000118530  2.3034103579  0.0056986287  1548          0.1182965305 
0.1028718388  0.0999571459  0.0968709816  44.000000000  0.0000336816  -0.000020890  2.3030219939  0.0057905701  1584          0.1185222533 
0.1144449207  0.1094921791  0.1307329619  45.000000000  0.0002202690  0.0000788843  2.3028802673  0.0065212344  1620          0.1186221109 
0.0990141449  0.0999571459  0.1063009001  46.000000000  -0.000054018  0.0001126313  2.3026794526  0.0058195104  1656          0.1184175544 
0.1144449207  0.1094921791  0.1307329619  47.000000000  0.0000642265  -0.000119111  2.3027410772  0.0058611893  1692          0.1184732517 
0.1144449207  0.1094921791  0.1307329619  48.000000000  0.0000674700  -0.000063162  2.3022310866  0.0062743414  1728          0.1185164319 
0.1020145735  0.0996357403  0.1058722675  49.000000000  -0.000125640  0.0001600169  2.3033645087  0.0057111628  1764          0.1187265582 
0.1144449207  0.1094921791  0.1307329619  50.000000000  0.0001832636  0.0000326600  2.3032872544  0.0058069966  1800          0.1190782852 
0.1144449207  0.1094921791  0.1307329619  51.000000000  -0.000023214  0.0001310284  2.3032631212  0.0055595178  1836          0.1186679535 
0.1144449207  0.1094921791  0.1307329619  52.000000000  -0.000005667  0.0001515887  2.3037612637  0.0059812758  1872          0.1189468900 
0.0990141449  0.0999571459  0.1063009001  53.000000000  0.0000554191  0.0001218087  2.3029122088  0.0052146192  1908          0.1186682913 
0.0990141449  0.0999571459  0.1063009001  54.000000000  0.0000165030  0.0001459006  2.3035406404  0.0060588363  1944          0.1187927392 
0.1144449207  0.1094921791  0.1307329619  55.000000000  0.0000906703  0.0001558214  2.3020958768  0.0052689452  1980          0.1189963155 
0.0977282469  0.0936361688  0.0947278183  56.000000000  0.0001397944  0.0000950206  2.3030150533  0.0057847228  2016          0.1186488403 
0.1144449207  0.1094921791  0.1307329619  57.000000000  -0.000073740  0.0001717500  2.3027164340  0.0050688918  2052          0.1187799705 
0.1144449207  0.1094921791  0.1307329619  58.000000000  -0.000147466  -0.000079013  2.3028533194  0.0053091735  2088          0.1188738346 
0.1144449207  0.1094921791  0.1307329619  59.000000000  0.0000610559  -0.000028082  2.3026029865  0.0048527829  2124          0.1184125476 
0.0990141449  0.0999571459  0.1063009001  60.000000000  -0.000002120  -0.000035069  2.3031874895  0.0057783381  2160          0.1185502675 
0.1020145735  0.0996357403  0.1058722675  61.000000000  -0.000041892  -0.000061430  2.3034098678  0.0047205785  2196          0.1184752120 
0.1144449207  0.1094921791  0.1307329619  62.000000000  0.0000386429  0.0000296748  2.3024618824  0.0054430166  2232          0.1184467740 
0.0921560223  0.1015641740  0.0964423489  63.000000000  0.0001924543  0.0000686397  2.3024484846  0.0047074764  2268          0.1186077264 
0.0990141449  0.0999571459  0.1063009001  64.000000000  -0.000008044  0.0000693492  2.3040506509  0.0055807914  2304          0.1185720033 
0.1144449207  0.1094921791  0.1307329619  65.000000000  0.0000623307  0.0000071095  2.3035111560  0.0049047007  2340          0.1185473204 
0.1144449207  0.1094921791  0.1307329619  66.000000000  0.0000563504  -0.000057092  2.3027871648  0.0045578238  2376          0.1186287072 
0.1144449207  0.1094921791  0.1307329619  67.000000000  0.0000558976  0.0000185296  2.3030621807  0.0047205302  2412          0.1185782817 
0.1144449207  0.1094921791  0.1307329619  68.000000000  -0.000081621  0.0001129003  2.3024859958  0.0047654636  2448          0.1185997261 
0.1144449207  0.1094921791  0.1307329619  69.000000000  0.0000037212  0.0001192416  2.3016539216  0.0045951996  2484          0.1183317569 
0.1144449207  0.1094921791  0.1307329619  70.000000000  0.0000152348  -0.000004231  2.3030204640  0.0046560577  2520          0.1186591983 
0.1144449207  0.1094921791  0.1307329619  71.000000000  0.0001284720  0.0000603389  2.3044855992  0.0051087905  2556          0.1190140645 
0.0990141449  0.0999571459  0.1063009001  72.000000000  0.0000353000  0.0000284322  2.3029507796  0.0048303080  2592          0.1186697682 
0.1144449207  0.1094921791  0.1307329619  73.000000000  0.0000607471  0.0000066989  2.3031307393  0.0048211452  2628          0.1193874280 
0.1144449207  0.1094921791  0.1307329619  74.000000000  0.0000802444  0.0000450611  2.3031216330  0.0045231940  2664          0.1191608508 
0.1020145735  0.0996357403  0.1058722675  75.000000000  0.0000411967  0.0000367082  2.3035556012  0.0048220681  2700          0.1191332274 
0.1144449207  0.1094921791  0.1307329619  76.000000000  0.0001793992  0.0000233816  2.3038243916  0.0049055345  2736          0.1189000938 
0.1144449207  0.1094921791  0.1307329619  77.000000000  0.0000910610  0.0001141561  2.3011898133  0.0041191653  2772          0.1188395951 
0.0990141449  0.0999571459  0.1063009001  78.000000000  -0.000039078  0.0000086460  2.3032761282  0.0048396453  2808          0.1188692649 
0.1144449207  0.1094921791  0.1307329619  79.000000000  -0.000035075  0.0001193624  2.3035589390  0.0046165483  2844          0.1190817290 
0.1144449207  0.1094921791  0.1307329619  80.000000000  0.0000397041  0.0001319266  2.3021898468  0.0047607098  2880          0.1184182432 
0.1020145735  0.0996357403  0.1058722675  81.000000000  0.0000106022  0.0000872074  2.3038316038  0.0043859773  2916          0.1185887920 
0.1144449207  0.1094921791  0.1307329619  82.000000000  -0.000080891  -0.000060563  2.3028091391  0.0042164802  2952          0.1186176538 
0.1144449207  0.1094921791  0.1307329619  83.000000000  -0.000062887  -0.000033660  2.3028754062  0.0041060882  2988          0.1184086601 
0.1144449207  0.1094921791  0.1307329619  84.000000000  0.0000891801  -0.000058229  2.3031429582  0.0044403824  3024          0.1182814439 
0.1144449207  0.1094921791  0.1307329619  85.000000000  -0.000006690  -0.000001875  2.3005442752  0.0042531743  3060          0.1183912555 
0.1144449207  0.1094921791  0.1307329619  86.000000000  -0.000072552  -0.000007206  2.3040151464  0.0049937196  3096          0.1186674635 
0.0921560223  0.1015641740  0.0964423489  87.000000000  0.0000065689  -0.000077836  2.3034527236  0.0046826375  3132          0.1184446481 
0.0964423489  0.0941718449  0.0844406344  88.000000000  0.0000281028  0.0001059183  2.3028129803  0.0049234603  3168          0.1185138093 
0.0990141449  0.0999571459  0.1063009001  89.000000000  0.0001153135  -0.000004455  2.3024351796  0.0049389141  3204          0.1184727285 
0.1144449207  0.1094921791  0.1307329619  90.000000000  0.0000673143  0.0000632116  2.3024227420  0.0039279870  3240          0.1184850997 
0.1144449207  0.1094921791  0.1307329619  91.000000000  -0.000069269  -0.000005412  2.3022893601  0.0047686946  3276          0.1183306177 
0.1144449207  0.1094921791  0.1307329619  92.000000000  -0.000066026  -0.000047966  2.3031418986  0.0045905219  3312          0.1187895139 
0.1144449207  0.1094921791  0.1307329619  93.000000000  -0.000002878  -0.000020882  2.3015614682  0.0039516730  3348          0.1188591785 
0.1020145735  0.0996357403  0.1058722675  94.000000000  -0.000033415  0.0000334639  2.3018057810  0.0041564755  3384          0.1191517115 
0.1144449207  0.1094921791  0.1307329619  95.000000000  0.0000869218  -0.000008232  2.3035914765  0.0044850500  3420          0.1190109054 
0.1144449207  0.1094921791  0.1307329619  96.000000000  0.0000681107  0.0000977003  2.3035444882  0.0041747568  3456          0.1189265715 
0.1075867981  0.1084208271  0.1020145735  97.000000000  0.0000318496  -0.000000683  2.3023205201  0.0041299256  3492          0.1299118996 
0.0990141449  0.0999571459  0.1063009001  98.000000000  -0.000007981  0.0000263635  2.3034393390  0.0040134360  3528          0.1184856362 
0.1144449207  0.1094921791  0.1307329619  99.000000000  0.0000010803  -0.000044610  2.3029353420  0.0045468909  3564          0.1183707913 
0.1144449207  0.1094921791  0.1307329619  99.972222222  -0.000074128  0.0000053687  2.3023245948  0.0043491791  3599          0.1186881883 
