Environment:
	Python: 3.8.10
	PyTorch: 1.10.0+cu113
	Torchvision: 0.11.1+cu113
	CUDA: 11.3
	CUDNN: 8200
	NumPy: 1.21.4
	PIL: 8.4.0
Args:
	algorithm: KL_GP
	checkpoint_freq: None
	data_dir: /root/data
	dataset: RotatedMNIST
	epochs: None
	holdout_fraction: 0.2
	hparams: None
	hparams_seed: 18
	output_dir: ./results_sweep_kl_gp_1/1f2df96c500f6ae2d91d011a8670c813
	save_model_every_checkpoint: False
	seed: 1829320010
	skip_model_save: False
	steps: None
	task: domain_adaptation
	test_envs: [3]
	train_envs: [0]
	trial_seed: 1
	uda_holdout_fraction: 0
HParams:
	augment_softmax: 0.05
	batch_size: 128
	class_balanced: False
	data_augmentation: True
	grad_penalty: 0.12057391534872608
	kl_reg: 0.01813795460767812
	kl_reg_aux: 0.1449061328809695
	lr: 0.00021204270722579462
	nonlinear_classifier: True
	num_samples: 20
	resnet18: True
	resnet_dropout: 0.1
	specify_zdim: False
	weight_decay: 0.0
	z_dim: 16
cuda
/root/miniconda3/lib/python3.8/site-packages/torchvision/transforms/functional.py:984: UserWarning: Argument resample is deprecated and will be removed since v0.10.0. Please, use interpolation instead
  warnings.warn(
env0_out_acc  env3_in_acc   env3_out_acc  epoch         kl            kl_aux        loss          penalty       step          step_time    
0.0981568796  0.0868866510  0.0938705529  0.0000000000  0.0302613303  0.0085712522  2.3187096119  0.2759456038  0             0.1465990543 
0.1225889413  0.1139918577  0.1011573082  1.0000000000  0.0086062648  0.0076541424  2.2868880703  0.0849162704  73            0.0392248010 
0.2074582083  0.2056995929  0.1937419631  2.0000000000  0.0119816377  0.0156103834  2.2431769926  0.1758201106  146           0.0387652214 
0.2130304329  0.2041997000  0.1890270039  3.0000000000  0.0204870993  0.0208876532  2.1713271141  0.2959518983  219           0.0392878252 
0.2207458208  0.2126633812  0.1838834119  4.0000000000  0.0372333567  0.0537059787  2.1149037211  0.3015568490  292           0.0389555382 
0.2438919846  0.2121277052  0.1967423918  5.0000000000  0.0509152303  0.0572388501  2.0409896243  0.2686547873  365           0.0387844321 
0.2670381483  0.2006642383  0.1851693099  6.0000000000  0.0527295784  0.0680156016  2.0332285803  0.2937052568  438           0.0389715678 
0.2854693528  0.2275551746  0.2233176168  7.0000000000  0.0615600384  0.0785587362  2.0013438463  0.3185915591  511           0.0389103530 
0.2717531076  0.2449110778  0.2306043721  8.0000000000  0.0616436130  0.0741512673  2.0054701697  0.2541799338  584           0.0392791931 
0.2477496785  0.2330190701  0.2228889841  9.0000000000  0.0653117082  0.0817078760  2.0345683326  0.5228800130  657           0.0392221327 
0.2794684955  0.2323762588  0.2220317188  10.000000000  0.0522375285  0.0493079129  2.0120539126  0.1508778332  730           0.0390526073 
0.2828975568  0.2275551746  0.2168881269  11.000000000  0.0487224484  0.0562558223  1.9706497470  0.1530511939  803           0.0385932955 
0.2863266181  0.2238054425  0.2117445349  12.000000000  0.0632431674  0.0699628500  1.9468748504  0.2209904295  876           0.0390906954 
0.2918988427  0.2433040497  0.2387483926  13.000000000  0.0685520080  0.0700732581  1.9421763975  0.2034695471  949           0.0389795369 
0.2811830261  0.2123419756  0.1963137591  14.000000000  0.0776626496  0.0867818743  1.9241518746  0.2467243386  1022          0.0388407283 
0.2944706387  0.2298050139  0.2147449636  15.000000000  0.0908594525  0.1023443242  1.9047138740  0.2694682239  1095          0.0390360780 
0.3309044149  0.2029140776  0.1941705958  16.000000000  0.0779030577  0.0987644346  1.8980670024  0.2175122270  1168          0.0388283240 
0.3056150879  0.2289479323  0.2121731676  17.000000000  0.0835086303  0.0935331151  1.9072317277  0.3256848639  1241          0.0387916957 
0.2944706387  0.2490893508  0.2498928418  18.000000000  0.0918126428  0.1032312394  1.8871339151  0.2685431297  1314          0.0390045218 
0.3099014145  0.2185558174  0.2301757394  19.000000000  0.0940539745  0.0990744980  1.8802518469  0.2873055090  1387          0.0388275565 
0.3124732105  0.2215556032  0.2083154736  20.000000000  0.1077588885  0.1250920235  1.8725998679  0.2994257894  1460          0.0390844835 
0.3424774968  0.2539104350  0.2528932705  21.000000000  0.1086196372  0.1233342773  1.8590458419  0.2925390889  1533          0.0391655589 
0.3120445778  0.2479108635  0.2481783112  22.000000000  0.1120887306  0.1418400651  1.8397997520  0.4000469290  1606          0.0393217133 
0.3180454351  0.2412684808  0.2443206172  23.000000000  0.1024033963  0.1228257042  1.8457431565  0.3695227853  1679          0.0399026479 
0.3450492928  0.2913006214  0.2811830261  24.000000000  0.1299599050  0.1457665164  1.8113521778  0.3610088941  1752          0.0388109847 
0.3926275182  0.2796228841  0.2777539649  25.000000000  0.1315765746  0.1376854008  1.7910395044  0.3030409319  1825          0.0387491755 
0.3677668238  0.2938718663  0.2906129447  26.000000000  0.1213917828  0.1247935966  1.8023787427  0.4560467132  1898          0.0391676393 
0.3630518646  0.2968716520  0.2858979854  27.000000000  0.1450692955  0.1560520076  1.7977612933  0.4728083759  1971          0.0390258815 
0.3746249464  0.3086565245  0.3086155165  28.000000000  0.1526576524  0.1665912410  1.7611741873  0.3388017503  2044          0.0392557595 
0.3716245178  0.2885151061  0.2803257608  29.000000000  0.1440780999  0.1445700845  1.7595831107  0.5666047685  2117          0.0392863816 
0.4264894985  0.2596957360  0.2486069438  30.000000000  0.1534964605  0.1683277091  1.7417116100  0.4017066817  2190          0.0392748558 
0.3926275182  0.3080137133  0.2978997000  31.000000000  0.1709409482  0.1879996755  1.7121361559  0.4371608111  2263          0.0390233928 
0.4076296614  0.3342618384  0.3343334762  32.000000000  0.1862498987  0.1991558579  1.7006107781  0.6013780836  2336          0.0390158745 
0.4684954994  0.3512963360  0.3279039863  33.000000000  0.1875864676  0.1954099420  1.7016261195  0.5791396492  2409          0.0388657753 
0.5156450922  0.3500107135  0.3373339048  34.000000000  0.2176125153  0.2241937428  1.6302264586  0.4815068194  2482          0.0387376726 
0.4359194171  0.2483394043  0.2541791685  35.000000000  0.2515476410  0.2603359058  1.6512136361  0.8488468438  2555          0.0388999149 
0.5276468067  0.3119777159  0.3094727818  36.000000000  0.2444827821  0.2581248680  1.6434924456  0.6818314400  2628          0.0388187513 
0.5289327047  0.3095136062  0.3137591084  37.000000000  0.2576246203  0.2679771557  1.5661531834  0.5830962776  2701          0.0389102387 
0.5636519503  0.3352260553  0.3236176597  38.000000000  0.2843247944  0.3176302885  1.5073236211  0.7307393959  2774          0.0386044522 
0.5563651950  0.3323334048  0.3291898843  39.000000000  0.3202428409  0.3208120075  1.4799042009  0.8003333056  2847          0.0387829036 
0.6150878697  0.3778658667  0.3729104158  40.000000000  0.3132424518  0.3393751671  1.4678004866  0.9720117039  2920          0.0387027852 
0.5992284612  0.3714377544  0.3591941706  41.000000000  0.3742721814  0.3491583703  1.4485567073  0.8388880942  2993          0.0387792522 
0.6408058294  0.3885793872  0.3767681097  42.000000000  0.3351371807  0.3326794042  1.4361215928  1.0711158443  3066          0.0388562451 
0.6836690956  0.3795800300  0.3707672525  43.000000000  0.3608409481  0.3689283020  1.3904250321  0.6470228517  3139          0.0395060533 
0.7295327904  0.3855796015  0.3750535791  44.000000000  0.3592838723  0.3671625928  1.3335278638  0.7076703257  3212          0.0388587240 
0.7166738105  0.3885793872  0.3861980283  45.000000000  0.3955080779  0.3782954367  1.3194847727  0.9851690490  3285          0.0385521373 
0.7003857694  0.4136490251  0.3986283755  46.000000000  0.4170909965  0.3983052697  1.3125682024  0.9443639852  3358          0.0385155841 
0.7153879126  0.3921148489  0.3874839263  47.000000000  0.4290779502  0.4059777174  1.3031036609  0.9186669264  3431          0.0388550987 
0.7312473210  0.3726162417  0.3759108444  48.000000000  0.4233328077  0.3940739611  1.2635888972  0.7475679196  3504          0.0390391350 
0.7492498928  0.3816155989  0.3861980283  49.000000000  0.4259034689  0.3992492185  1.2512519768  0.8248797533  3577          0.0387564163 
0.7389627090  0.4042211271  0.3951993142  50.000000000  0.4546595332  0.4120000523  1.2099426038  0.8072734714  3650          0.0392434205 
0.7629661380  0.4188986501  0.4110587227  51.000000000  0.4455875889  0.4148311456  1.2016594541  0.7774968331  3723          0.0393041650 
0.7779682812  0.3964002571  0.3990570081  52.000000000  0.4698833099  0.4129454869  1.2060536065  0.9306236693  3796          0.0391069471 
0.7599657094  0.4066852368  0.4093441920  53.000000000  0.4587423152  0.4340168091  1.1772600004  0.9492364044  3869          0.0391003498 
0.7698242606  0.4085065352  0.4153450493  54.000000000  0.4632637774  0.4287300479  1.1718382721  0.8787707601  3942          0.0393223534 
0.7681097300  0.4127919434  0.4089155594  55.000000000  0.4979134484  0.4612041577  1.1823745672  1.2084754191  4015          0.0394944622 
0.7835405058  0.4257553032  0.4213459066  56.000000000  0.4774114808  0.4467480677  1.1609265314  0.7418186491  4088          0.0387424900 
0.7835405058  0.4312191986  0.4273467638  57.000000000  0.4876378183  0.4612334024  1.1389648408  0.8855110550  4161          0.0390171482 
0.7552507501  0.4192200557  0.4153450493  58.000000000  0.4906782602  0.4262319944  1.1354585396  0.9293179732  4234          0.0390461373 
0.7531075868  0.4018641526  0.4054864981  59.000000000  0.4923727018  0.4434252002  1.1389260357  1.1705970609  4307          0.0388672613 
0.7801114445  0.4176130276  0.4166309473  60.000000000  0.4927513265  0.4553959731  1.1323514246  1.0712270765  4380          0.0387024259 
0.7951135877  0.4203985430  0.4204886412  61.000000000  0.5075803044  0.4388652344  1.1142662649  0.9788733655  4453          0.0387683503 
0.8041148736  0.4172916220  0.4144877840  62.000000000  0.5421482467  0.4766987521  1.1269665009  1.0432609377  4526          0.0387520496 
0.7925417917  0.4570387829  0.4436348050  63.000000000  0.5357797419  0.4644931304  1.1217296140  0.9661442521  4599          0.0390471988 
0.7946849550  0.4622884080  0.4539219889  64.000000000  0.5313012645  0.4542451080  1.0946695192  0.7471647889  4672          0.0387982702 
0.7779682812  0.4477180201  0.4483497643  65.000000000  0.5161529808  0.4653745575  1.1061846206  1.1054606180  4745          0.0387192197 
0.8144020574  0.4559674309  0.4517788255  66.000000000  0.4950595727  0.4457877670  1.0921001410  0.7397576373  4818          0.0391780938 
0.8178311187  0.4568245125  0.4444920703  67.000000000  0.5305903803  0.4653374226  1.0743075250  0.8657538617  4891          0.0391732928 
0.8131161595  0.4446110992  0.4410630090  68.000000000  0.5384629103  0.4772907157  1.0805400243  0.9875201456  4964          0.0385746074 
0.8088298328  0.4199700021  0.4157736820  69.000000000  0.5602293227  0.4823124531  1.0839120697  0.9266917571  5037          0.0393780454 
0.8088298328  0.4490036426  0.4427775396  70.000000000  0.5600585444  0.4818518080  1.0800879189  1.1698788078  5110          0.0385606028 
0.8131161595  0.4374330405  0.4427775396  71.000000000  0.5612363264  0.4736247320  1.0584355209  0.8057301224  5183          0.0390021703 
0.8195456494  0.4698950075  0.4577796828  72.000000000  0.5496545961  0.4756816613  1.0551110269  0.9214611443  5256          0.0391770879 
0.8229747107  0.4530747804  0.4470638663  73.000000000  0.5591609433  0.4640156951  1.0438826803  0.8958372253  5329          0.0392238898 
0.8114016288  0.4458967217  0.4466352336  74.000000000  0.5644744159  0.5007731886  1.0310981845  0.9565312362  5402          0.0393630413 
0.8178311187  0.4169702164  0.4213459066  75.000000000  0.5622114482  0.4707242328  1.0369387114  0.8175075887  5475          0.0391071725 
0.8161165881  0.4625026784  0.4599228461  76.000000000  0.5835353467  0.4967146671  1.0180588479  0.7722551225  5548          0.0389956611 
0.8148306901  0.4402185558  0.4440634376  77.000000000  0.5885699102  0.5207032304  1.0549385335  1.3058676256  5621          0.0387744512 
0.8122588941  0.4792157703  0.4792113159  78.000000000  0.5612182834  0.4793136475  1.0243990968  0.7718323526  5694          0.0387118353 
0.8238319760  0.4896078852  0.4860694385  79.000000000  0.5895601091  0.4968791637  1.0044227888  0.6783741925  5767          0.0390512780 
0.8246892413  0.4589672166  0.4556365195  80.000000000  0.6002428217  0.5025777786  1.0086428637  0.9298937300  5840          0.0391522630 
0.8195456494  0.4595028927  0.4599228461  81.000000000  0.5791339703  0.4857033156  1.0105276924  0.8870686672  5913          0.0394060612 
0.8242606087  0.4581101350  0.4539219889  82.000000000  0.5795451199  0.5668608946  1.0418172748  1.5742612199  5986          0.0392063546 
0.8259751393  0.4578958646  0.4582083155  83.000000000  0.6059571827  0.5046430500  1.0205824636  0.8236982177  6059          0.0384298645 
0.8452636091  0.4820012856  0.4697813973  84.000000000  0.5795509003  0.4992701509  0.9999551455  0.8843204032  6132          0.0388736758 
0.8246892413  0.4787872295  0.4757822546  85.000000000  0.5784107728  0.5065351704  0.9861386598  0.6939977224  6205          0.0392128768 
0.8435490784  0.4951789158  0.4847835405  86.000000000  0.5763307712  0.4970228982  0.9846529773  0.8374885962  6278          0.0393075845 
0.8499785684  0.4757874438  0.4680668667  87.000000000  0.5753044225  0.4952964125  0.9823487050  0.8381815026  6351          0.0392151630 
0.8371195885  0.4587529462  0.4573510502  88.000000000  0.5977785869  0.4968973157  0.9812465245  0.7529952393  6424          0.0425628865 
0.8409772825  0.4471823441  0.4324903558  89.000000000  0.5958730195  0.4981271767  0.9656827197  0.8538755140  6497          0.0393908612 
0.8568366910  0.4700021427  0.4719245607  90.000000000  0.5629274229  0.4888212501  0.9628299532  0.7034548966  6570          0.0392145882 
0.8654093442  0.4932504821  0.4869267038  91.000000000  0.6014714384  0.5025975774  0.9595934626  0.8097954944  6643          0.0389831491 
0.8555507930  0.4808227984  0.4736390913  92.000000000  0.5931356582  0.4848874346  0.9737034514  0.9484902927  6716          0.0387996027 
0.8495499357  0.4665738162  0.4633519074  93.000000000  0.6614621955  0.5301998948  0.9527426770  0.9647766135  6789          0.0460033123 
0.8632661809  0.4955003214  0.4822117445  94.000000000  0.6104291330  0.4973789596  0.9560589594  0.8625014965  6862          0.0387448252 
0.8722674668  0.4877865867  0.4856408058  95.000000000  0.6404142008  0.4860272820  0.9494361249  0.8538615891  6935          0.0390175075 
0.8581225889  0.4628240840  0.4590655808  96.000000000  0.5929043281  0.4928800484  0.9550966188  0.9598037517  7008          0.0387520235 
0.8581225889  0.4887508035  0.4804972139  97.000000000  0.6012115038  0.5072439297  0.9509168308  1.0301894468  7081          0.0386736066 
0.8726960994  0.4799657167  0.4770681526  98.000000000  0.6248292645  0.5172382573  0.9496417062  0.8937105575  7154          0.0386081983 
0.8881268753  0.5056781658  0.4894984998  99.000000000  0.6441938416  0.5374506624  0.9372871118  0.8632521315  7227          0.0391246162 
0.8872696099  0.5087850868  0.4946420917  99.986301369  0.5928436861  0.4876317258  0.9239765381  0.7841954941  7299          0.0390249027 
