Environment:
	Python: 3.8.10
	PyTorch: 1.10.0+cu113
	Torchvision: 0.11.1+cu113
	CUDA: 11.3
	CUDNN: 8200
	NumPy: 1.21.4
	PIL: 8.4.0
Args:
	algorithm: KL_GP
	checkpoint_freq: None
	data_dir: /root/data
	dataset: RotatedMNIST
	epochs: None
	holdout_fraction: 0.2
	hparams: None
	hparams_seed: 16
	output_dir: ./results_sweep_kl_gp_1/6fc116beeaf18194fbd6c0e78d0541b4
	save_model_every_checkpoint: False
	seed: 913215146
	skip_model_save: False
	steps: None
	task: domain_adaptation
	test_envs: [3]
	train_envs: [0]
	trial_seed: 0
	uda_holdout_fraction: 0
HParams:
	augment_softmax: 0.01
	batch_size: 256
	class_balanced: False
	data_augmentation: True
	grad_penalty: 0.01965677491879084
	kl_reg: 0.0384643762191862
	kl_reg_aux: 0.012566773646415272
	lr: 0.0013422323598643211
	nonlinear_classifier: False
	num_samples: 20
	resnet18: True
	resnet_dropout: 0.5
	specify_zdim: False
	weight_decay: 0.0
	z_dim: 512
cuda
/root/miniconda3/lib/python3.8/site-packages/torchvision/transforms/functional.py:984: UserWarning: Argument resample is deprecated and will be removed since v0.10.0. Please, use interpolation instead
  warnings.warn(
env0_out_acc  env3_in_acc   env3_out_acc  epoch         kl            kl_aux        loss          penalty       step          step_time    
0.1007286755  0.1045639597  0.1110158594  0.0000000000  1.1270656586  1.2933909893  2.3733491898  4.2644529343  0             0.3977799416 
0.2833261895  0.2623741161  0.2490355765  1.0000000000  0.1597033011  0.2360644672  2.2827992108  3.2385677265  36            0.3076320291 
0.3433347621  0.2561602743  0.2567509644  2.0000000000  0.2453912761  0.4583610263  1.9777337710  1.6416558060  72            0.3080822428 
0.5130732962  0.2730876366  0.2931847407  3.0000000000  0.6422103975  1.0797073543  1.7646896243  2.3718939821  108           0.3080492152 
0.6630947278  0.2845511035  0.2901843120  4.0000000000  1.0641874936  1.5431486633  1.5108837419  2.6601627287  144           0.3085470133 
0.7509644235  0.2516605957  0.2670381483  5.0000000000  1.5432909396  2.0287887222  1.2495961421  2.0629590866  180           0.3084348506 
0.8546935276  0.2782301264  0.2978997000  6.0000000000  2.0211371978  2.7075709767  0.9896448569  1.7528949844  216           0.3081650800 
0.8894127733  0.3133704735  0.3287612516  7.0000000000  2.3294452065  2.9905928638  0.8057494379  1.8580740641  252           0.3081653714 
0.9104157737  0.3222626955  0.3261894556  8.0000000000  2.5616579254  3.2068212032  0.6844154100  1.7745374656  288           0.3082259231 
0.9327046721  0.3436897364  0.3626232319  9.0000000000  2.6695214841  3.2624205152  0.5613141573  1.3382966088  324           0.3081433111 
0.9447063866  0.3562245554  0.3630518646  10.000000000  2.7072071433  3.2366354863  0.4883679913  1.0188606042  360           0.3081141114 
0.9309901414  0.4243625455  0.4222031719  11.000000000  2.6050220993  3.1999695434  0.4332522858  0.9986954240  396           0.3081064026 
0.9592798971  0.4111849154  0.4089155594  12.000000000  2.4838090473  2.8782546851  0.4157912988  1.1124230954  432           0.3088049822 
0.9562794685  0.4430040711  0.4440634376  13.000000000  2.4124954674  2.7315764758  0.3805626333  0.9720994615  468           0.3089405762 
0.9609944278  0.4496464538  0.4483497643  14.000000000  2.4225432144  2.6930427684  0.3503356833  0.7502537237  504           0.3085163037 
0.9657093871  0.4762159846  0.4894984998  15.000000000  2.2847305735  2.5413343641  0.3314538474  0.7498385418  540           0.3082523677 
0.9567081012  0.4518962931  0.4642091727  16.000000000  2.2640268008  2.5136367414  0.3321428266  1.0278568073  576           0.3081624574 
0.9674239177  0.5261409899  0.5340762966  17.000000000  2.2189298537  2.3699253599  0.3152719736  0.6606698529  612           0.3078495463 
0.9605657951  0.5571030641  0.5636519503  18.000000000  2.1982561747  2.2559863925  0.2927640788  0.6385953310  648           0.3083230588 
0.9657093871  0.5084636812  0.5216459494  19.000000000  2.0906527374  2.1034938296  0.2889476787  0.7497891871  684           0.3082264463 
0.9699957137  0.5691022070  0.5812258894  20.000000000  2.0942749778  2.0031586952  0.2848802780  0.6105725939  720           0.3081047999 
0.9734247750  0.5977073066  0.6030861552  21.000000000  1.9982184569  1.9234992796  0.2654354332  0.5503994909  756           0.3082723949 
0.9725675096  0.6003856867  0.6108015431  22.000000000  1.9568393893  1.9108749429  0.2567785722  0.5009386593  792           0.3082925015 
0.9725675096  0.6419541461  0.6519502786  23.000000000  1.9410116076  1.8583327730  0.2519624415  0.5948506747  828           0.3085670736 
0.9734247750  0.6445253910  0.6502357480  24.000000000  1.8720818361  1.7320424914  0.2430119887  0.5050162396  864           0.3084289961 
0.9777111016  0.6697021641  0.6888126875  25.000000000  1.8038659692  1.6808251805  0.2339919292  0.4036221363  900           0.3078737259 
0.9674239177  0.6574887508  0.6678096871  26.000000000  1.8956076834  1.6987481316  0.2419516229  0.6143730444  936           0.3079177472 
0.9751393056  0.6419541461  0.6519502786  27.000000000  1.7969197432  1.6142558787  0.2435022179  0.6447132830  972           0.3081531657 
0.9759965709  0.6850224984  0.6982426061  28.000000000  1.7330555320  1.5458108915  0.2193811205  0.3699057798  1008          0.3081865840 
0.9777111016  0.7198414399  0.7363909130  29.000000000  1.7286429538  1.4819038113  0.2202118552  0.4627492991  1044          0.3079456290 
0.9768538363  0.7523034069  0.7608229747  30.000000000  1.6966783206  1.4496383468  0.2105264606  0.3942397059  1080          0.3151573141 
0.9742820403  0.7049496465  0.7175310759  31.000000000  1.7156439755  1.4814604057  0.2086392732  0.4607360802  1116          0.3083342976 
0.9785683669  0.7292693379  0.7501071582  32.000000000  1.5952904556  1.3879387975  0.2008636838  0.3379320320  1152          0.3084611628 
0.9759965709  0.7439468609  0.7569652808  33.000000000  1.6230499082  1.3795157472  0.2094443718  0.4490611189  1188          0.3081904120 
0.9764252036  0.7503749732  0.7668238320  34.000000000  1.5753974848  1.3392848439  0.1984723645  0.3591750856  1224          0.3080091344 
0.9785683669  0.7645168202  0.7861123018  35.000000000  1.5571062830  1.3175645471  0.1896189385  0.3658582854  1260          0.3080095450 
0.9764252036  0.7392329119  0.7509644235  36.000000000  1.4639133943  1.2858907779  0.1952014586  0.4013790588  1296          0.3079166677 
0.9781397342  0.7668737947  0.7766823832  37.000000000  1.4845166802  1.2398327721  0.1863449601  0.3524189639  1332          0.3076183001 
0.9781397342  0.7788729376  0.7908272610  38.000000000  1.4692703022  1.2102604707  0.1829514868  0.3289322737  1368          0.3084415727 
0.9807115302  0.7937647311  0.8114016288  39.000000000  1.4783430431  1.2137415078  0.1841227114  0.4006116067  1404          0.3088291751 
0.9798542649  0.7945146775  0.8092584655  40.000000000  1.4797655609  1.1874599258  0.1826820175  0.3817047162  1440          0.3086695804 
0.9815687955  0.7890507821  0.8041148736  41.000000000  1.4225058092  1.1615059773  0.1775253966  0.3190744130  1476          0.3090431094 
0.9815687955  0.8042639811  0.8148306901  42.000000000  1.3741187056  1.1327629089  0.1725998335  0.3212352134  1512          0.3088733819 
0.9802828976  0.8255838869  0.8319759966  43.000000000  1.4433914423  1.1881356438  0.1719828794  0.3546118807  1548          0.3084872961 
0.9828546935  0.8226912363  0.8289755679  44.000000000  1.3778736128  1.1021240287  0.1704608655  0.3430249836  1584          0.3088239763 
0.9828546935  0.8232269124  0.8298328333  45.000000000  1.4061815540  1.1190418535  0.1735111280  0.3761989122  1620          0.3086514539 
0.9837119589  0.8067280909  0.8148306901  46.000000000  1.3179745873  1.0491066840  0.1565383507  0.2718427937  1656          0.3083929088 
0.9802828976  0.8337261624  0.8439777111  47.000000000  1.3114522166  1.0442873637  0.1592994125  0.2919505236  1692          0.3084021211 
0.9794256322  0.8313691879  0.8366909559  48.000000000  1.2948422498  0.9984914528  0.1568925590  0.2527274631  1728          0.3084218966 
0.9785683669  0.8535461753  0.8538362623  49.000000000  1.2485261493  1.0304384960  0.1660469597  0.3535792126  1764          0.3088923693 
0.9811401629  0.8531176345  0.8594084869  50.000000000  1.2807293269  1.0159448253  0.1562969689  0.3002999473  1800          0.3090922038 
0.9824260609  0.8405828155  0.8474067724  51.000000000  1.2677130236  0.9842458301  0.1610439134  0.3309064793  1836          0.3088455664 
0.9811401629  0.8402614099  0.8512644664  52.000000000  1.2611644268  0.9802998437  0.1518984035  0.2976600629  1872          0.3092370099 
0.9832833262  0.8627598029  0.8718388341  53.000000000  1.2290785776  0.9348951181  0.1511585731  0.2233481635  1908          0.3084979852 
0.9798542649  0.8550460681  0.8624089156  54.000000000  1.1632006168  0.9523393843  0.1492495783  0.2444835574  1944          0.3085415761 
0.9837119589  0.8720805657  0.8756965281  55.000000000  1.1337899036  0.9252644910  0.1443941500  0.2327686933  1980          0.3085365627 
0.9832833262  0.8774373259  0.8825546507  56.000000000  1.1378304826  0.8863376180  0.1490929003  0.2945158339  2016          0.3084883557 
0.9811401629  0.8724019713  0.8774110587  57.000000000  1.1285811199  0.8809499476  0.1452467052  0.2476027188  2052          0.3084550434 
0.9807115302  0.8727233769  0.8821260180  58.000000000  1.1730247802  0.9187337425  0.1495118164  0.3137940214  2088          0.3089615305 
0.9802828976  0.8820441397  0.8829832833  59.000000000  1.1274884873  0.8912309408  0.1449877078  0.2733870532  2124          0.3092027307 
0.9845692242  0.8839725734  0.8864123446  60.000000000  1.1595731311  0.9136032528  0.1490230192  0.3037038664  2160          0.3089410861 
0.9811401629  0.8981144204  0.8924132019  61.000000000  1.1241751975  0.8689203593  0.1386900385  0.2088791774  2196          0.3096702496 
0.9815687955  0.8925433898  0.8881268753  62.000000000  1.0702687038  0.8622900181  0.1459772061  0.2883459655  2232          0.3088158435 
0.9811401629  0.9035783158  0.9061294471  63.000000000  1.0983501342  0.8750001391  0.1395532704  0.2509189642  2268          0.3088474340 
0.9832833262  0.9010070709  0.9014144878  64.000000000  1.0437133445  0.8316519989  0.1388861392  0.2240161244  2304          0.3088113732 
0.9841405915  0.9095778873  0.9121303043  65.000000000  1.0439385109  0.8239167929  0.1349388775  0.2043656783  2340          0.3087478744 
0.9807115302  0.8943646882  0.8924132019  66.000000000  1.0445418490  0.8254008691  0.1358463359  0.2458434011  2376          0.3086900049 
0.9837119589  0.8838654382  0.8894127733  67.000000000  1.0576341152  0.8381962246  0.1436101204  0.3483290974  2412          0.3086690174 
0.9824260609  0.9201842726  0.9147021003  68.000000000  1.0676451723  0.8214102189  0.1359580393  0.2204104382  2448          0.3088341289 
0.9841405915  0.9199700021  0.9185597943  69.000000000  0.9748435352  0.7803549634  0.1340901465  0.2066134533  2484          0.3089278870 
0.9875696528  0.9146132419  0.9121303043  70.000000000  1.0109173589  0.7857779132  0.1281602306  0.1585027389  2520          0.3087431259 
0.9828546935  0.9182558389  0.9142734676  71.000000000  0.9578494893  0.7573715183  0.1277793706  0.1779617891  2556          0.3086944487 
0.9832833262  0.9191129205  0.9117016717  72.000000000  0.9599004984  0.7874063386  0.1349548747  0.2696625412  2592          0.3084675670 
0.9832833262  0.9237197343  0.9219888556  73.000000000  0.9723562400  0.7690629496  0.1258633791  0.1486193151  2628          0.3085251848 
0.9841405915  0.9301478466  0.9249892842  74.000000000  0.8944477836  0.7107061611  0.1261127063  0.1568603085  2664          0.3086765409 
0.9832833262  0.9314334690  0.9279897128  75.000000000  0.8891487651  0.7117108305  0.1262402512  0.1762417377  2700          0.3137829834 
0.9841405915  0.9358260124  0.9314187741  76.000000000  0.8746492134  0.7410875625  0.1300727023  0.1944510538  2736          0.3077255355 
0.9845692242  0.9268266552  0.9219888556  77.000000000  0.9499892261  0.7393329872  0.1248338299  0.1766559158  2772          0.3090097374 
0.9807115302  0.9299335762  0.9275610802  78.000000000  0.8837386303  0.7013392316  0.1245523540  0.1499552714  2808          0.3090358641 
0.9802828976  0.9239340047  0.9181311616  79.000000000  0.8779563440  0.6919144524  0.1279922937  0.2276280047  2844          0.3086673220 
0.9815687955  0.9359331476  0.9245606515  80.000000000  0.8692077994  0.7013875776  0.1254127700  0.1667006597  2880          0.3090650704 
0.9841405915  0.9270409256  0.9228461209  81.000000000  0.8534908162  0.6948747834  0.1297156449  0.2152448240  2916          0.3083207077 
0.9832833262  0.9292907649  0.9279897128  82.000000000  0.9318277770  0.7231633994  0.1297263054  0.2422885277  2952          0.3083173500 
0.9824260609  0.9275766017  0.9262751822  83.000000000  0.8836255338  0.6980524460  0.1255447254  0.1584734827  2988          0.3086232742 
0.9837119589  0.9379687165  0.9352764681  84.000000000  0.8694849478  0.6941082809  0.1204869221  0.1539767838  3024          0.3088058233 
0.9832833262  0.9376473109  0.9378482640  85.000000000  0.8373327123  0.6759545538  0.1259453971  0.1842042337  3060          0.3081968824 
0.9819974282  0.9417184487  0.9382768967  86.000000000  0.8206185963  0.6371059351  0.1187087043  0.1377589211  3096          0.3087740673 
0.9841405915  0.9341118492  0.9322760394  87.000000000  0.8100308975  0.6125101513  0.1224095699  0.1586554350  3132          0.3091783192 
0.9777111016  0.9344332548  0.9318474068  88.000000000  0.8224829899  0.6535013318  0.1293199716  0.2007744528  3168          0.3089615438 
0.9837119589  0.9357188772  0.9318474068  89.000000000  0.8735167384  0.7016349302  0.1255091048  0.2064862292  3204          0.3086468909 
0.9837119589  0.9505035355  0.9408486927  90.000000000  0.8098095920  0.6638478239  0.1204890536  0.1373723055  3240          0.3084452351 
0.9849978568  0.9443968288  0.9429918560  91.000000000  0.7574086388  0.6166745490  0.1164945956  0.1455245561  3276          0.3084898392 
0.9811401629  0.9401114206  0.9378482640  92.000000000  0.8205937743  0.6507878105  0.1235084085  0.1810781828  3312          0.3085745242 
0.9837119589  0.9421469895  0.9365623661  93.000000000  0.8687664138  0.6702036262  0.1204278438  0.1685439190  3348          0.3083465629 
0.9854264895  0.9335761731  0.9322760394  94.000000000  0.8312482503  0.6818019615  0.1246585335  0.2786982320  3384          0.3084830046 
0.9837119589  0.9415041783  0.9374196314  95.000000000  0.8164414234  0.6471980015  0.1298437799  0.1772874352  3420          0.3085077206 
0.9819974282  0.9436468824  0.9322760394  96.000000000  0.8076540695  0.6564790275  0.1184831686  0.1212964914  3456          0.3085915910 
0.9807115302  0.9415041783  0.9335619374  97.000000000  0.7375439074  0.6044810414  0.1166275545  0.1130406696  3492          0.3086364137 
0.9832833262  0.9495393186  0.9421345907  98.000000000  0.7294905649  0.5649520490  0.1179304301  0.1602953484  3528          0.3084799184 
0.9837119589  0.9492179130  0.9477068153  99.000000000  0.7906175256  0.6231527262  0.1183530835  0.1627269122  3564          0.3086502618 
0.9837119589  0.9555388901  0.9545649378  99.972222222  0.7132046836  0.5873238427  0.1114384311  0.0871012246  3599          0.3176780564 
