Environment:
	Python: 3.8.10
	PyTorch: 1.10.0+cu113
	Torchvision: 0.11.1+cu113
	CUDA: 11.3
	CUDNN: 8200
	NumPy: 1.21.4
	PIL: 8.4.0
Args:
	algorithm: KL_GP
	checkpoint_freq: None
	data_dir: /root/data
	dataset: RotatedMNIST
	epochs: None
	holdout_fraction: 0.2
	hparams: None
	hparams_seed: 7
	output_dir: ./results_sweep_kl_gp_1/ce4b3632929a70abf69d69f6d2e23c77
	save_model_every_checkpoint: False
	seed: 2105592948
	skip_model_save: False
	steps: None
	task: domain_adaptation
	test_envs: [2]
	train_envs: [0]
	trial_seed: 1
	uda_holdout_fraction: 0
HParams:
	augment_softmax: 0.01
	batch_size: 64
	class_balanced: False
	data_augmentation: True
	grad_penalty: 1.1066954610692288
	kl_reg: 0.04528251850126858
	kl_reg_aux: 0.2732199565218434
	lr: 0.0029879335085287863
	nonlinear_classifier: True
	num_samples: 20
	resnet18: True
	resnet_dropout: 0.5
	specify_zdim: False
	weight_decay: 0.0
	z_dim: 512
cuda
/root/miniconda3/lib/python3.8/site-packages/torchvision/transforms/functional.py:984: UserWarning: Argument resample is deprecated and will be removed since v0.10.0. Please, use interpolation instead
  warnings.warn(
env0_out_acc  env2_in_acc   env2_out_acc  epoch         kl            kl_aux        loss          penalty       step          step_time    
0.0857265324  0.0989929291  0.0955850836  0.0000000000  1.0457630157  0.9259500504  2.3348445892  108.96417236  0             0.1373949051 
0.0848692670  0.1003856867  0.0947278183  1.0000000000  0.0379789659  0.0405924190  4.1460707645  0.1335253597  146           0.0550349624 
0.0857265324  0.0989929291  0.0955850836  2.0000000000  0.0102921708  0.0121975141  4.1517816929  2858.9937415  292           0.0551281204 
0.0857265324  0.0989929291  0.0955850836  3.0000000000  0.0031756473  0.0035107234  4.1648981865  0.0017060682  438           0.0548916810 
0.0857265324  0.0989929291  0.0955850836  4.0000000000  0.0030045575  0.0018449744  4.1335191400  0.0015806592  584           0.0544931317 
0.0857265324  0.0989929291  0.0955850836  5.0000000000  0.0017734717  0.0018597956  4.1547603411  0.0013838344  730           0.0538221402 
0.0857265324  0.0989929291  0.0955850836  6.0000000000  0.0029995278  0.0039575753  4.1257950688  0.0014039440  876           0.0540817813 
0.0857265324  0.0989929291  0.0955850836  7.0000000000  0.0024035434  0.0030356793  4.1489672742  0.0012846494  1022          0.0539004917 
0.0857265324  0.0989929291  0.0955850836  8.0000000000  0.0033131364  0.0023813574  4.1750360482  0.0014383946  1168          0.0544474909 
0.0857265324  0.0989929291  0.0955850836  9.0000000000  0.0023276414  0.0054240847  4.1697257235  0.0014192731  1314          0.0543344805 
0.0857265324  0.0989929291  0.0955850836  10.000000000  0.0036986103  0.0031935287  4.1634499096  0.0013762823  1460          0.0542017989 
0.0857265324  0.0989929291  0.0955850836  11.000000000  0.0019998681  0.0027678241  4.1562086295  0.0013472407  1606          0.0538131848 
0.0857265324  0.0989929291  0.0955850836  12.000000000  0.0012036905  0.0024742754  4.1537948537  0.0012921262  1752          0.0543379653 
0.0857265324  0.0989929291  0.0955850836  13.000000000  0.0024352629  0.0040222488  4.1484845387  0.0013077209  1898          0.0541771422 
0.0857265324  0.0989929291  0.0955850836  14.000000000  0.0019985062  0.0015703227  4.1257950312  0.0010763807  2044          0.0544856493 
0.0857265324  0.0989929291  0.0955850836  15.000000000  0.0020049794  0.0022451061  4.1624844303  0.0011824293  2190          0.0544678348 
0.0857265324  0.0989929291  0.0955850836  16.000000000  0.0015949158  0.0025013636  4.1378639365  0.0012090588  2336          0.0548382459 
0.0857265324  0.0989929291  0.0955850836  17.000000000  0.0006962835  0.0023813150  4.1277260846  0.0011835017  2482          0.0547274122 
0.0857265324  0.0989929291  0.0955850836  18.000000000  0.0028928992  0.0038457995  4.1644154313  0.0013710113  2628          0.0544888157 
0.0857265324  0.0989929291  0.0955850836  19.000000000  0.0011701910  0.0027741733  4.1460707449  0.0011345180  2774          0.0545334522 
0.0857265324  0.0989929291  0.0955850836  20.000000000  0.0025957904  0.0029506553  4.1692429912  0.0011588239  2920          0.0545820569 
0.0857265324  0.0989929291  0.0955850836  21.000000000  0.0027963658  0.0031625310  4.1634499112  0.0012749648  3066          0.0545966135 
0.0857265324  0.0989929291  0.0955850836  22.000000000  0.0038019958  0.0031051962  4.1644154265  0.0012722525  3212          0.0541092108 
0.0857265324  0.0989929291  0.0955850836  23.000000000  0.0028576198  0.0036357886  4.1364156759  0.0012347266  3358          0.0541177090 
0.0857265324  0.0989929291  0.0955850836  24.000000000  0.0024801215  0.0027952619  4.1499327715  0.0010626252  3504          0.0540477968 
0.0857265324  0.0989929291  0.0955850836  25.000000000  0.0025358723  0.0023387915  4.1586223743  0.0010986025  3650          0.0538920197 
0.0857265324  0.0989929291  0.0955850836  26.000000000  0.0020522353  0.0025492008  4.1431741976  0.0011056685  3796          0.0539999433 
0.0857265324  0.0989929291  0.0955850836  27.000000000  0.0020614324  0.0015150031  4.1721395352  0.0010942155  3942          0.0578648211 
0.0857265324  0.0989929291  0.0955850836  28.000000000  0.0033864550  0.0029509851  4.1533120838  0.0012003257  4088          0.0547902159 
0.0857265324  0.0989929291  0.0955850836  29.000000000  0.0029830214  0.0026659508  4.1436569838  0.0010877297  4234          0.0549897151 
0.0857265324  0.0989929291  0.0955850836  30.000000000  0.0022382181  0.0019964976  4.1682774694  0.0010602673  4380          0.0547841918 
0.0857265324  0.0989929291  0.0955850836  31.000000000  0.0024648170  0.0030371849  4.1842083735  0.0010624994  4526          0.0546059608 
0.0857265324  0.0989929291  0.0955850836  32.000000000  0.0011012358  0.0026244137  4.1673119738  0.0009038222  4672          0.0544847201 
0.0857265324  0.0989929291  0.0955850836  33.000000000  0.0025006320  0.0020252352  4.1475190659  0.0011283108  4818          0.0542221265 
0.0857265324  0.0989929291  0.0955850836  34.000000000  0.0024131455  0.0023396048  4.1523465653  0.0009182669  4964          0.0537454200 
0.0857265324  0.0989929291  0.0955850836  35.000000000  0.0036487677  0.0034788667  4.1600706545  0.0011748770  5110          0.0540881892 
0.0857265324  0.0989929291  0.0955850836  36.000000000  0.0016513263  0.0025587147  4.1639327056  0.0009087775  5256          0.0539985471 
0.0857265324  0.0989929291  0.0955850836  37.000000000  0.0027363104  0.0022455372  4.1784153458  0.0008646662  5402          0.0540414787 
0.0857265324  0.0989929291  0.0955850836  38.000000000  0.0025312672  0.0023981512  4.1692429569  0.0009065624  5548          0.0540691288 
0.0857265324  0.0989929291  0.0955850836  39.000000000  0.0019121268  0.0017968857  4.1663464422  0.0010869591  5694          0.0537933079 
0.0857265324  0.0989929291  0.0955850836  40.000000000  0.0032433810  0.0032831381  4.1591051049  0.0010216327  5840          0.0541132101 
0.0857265324  0.0989929291  0.0955850836  41.000000000  0.0034130175  0.0028885358  4.1788980732  0.0012055498  5986          0.0538014304 
0.0857265324  0.0989929291  0.0955850836  42.000000000  0.0022230899  0.0027016058  4.1721395123  0.0009237898  6132          0.0544655699 
0.0857265324  0.0989929291  0.0955850836  43.000000000  0.0010630431  0.0020003645  4.1412432292  0.0008349427  6278          0.0549263399 
0.0857265324  0.0989929291  0.0955850836  44.000000000  0.0018695315  0.0013274820  4.1586224086  0.0009315864  6424          0.0545484873 
0.0857265324  0.0989929291  0.0955850836  45.000000000  0.0018393928  0.0014807100  4.1397949261  0.0008166365  6570          0.0546551763 
0.0857265324  0.0989929291  0.0955850836  46.000000000  0.0029927574  0.0024999854  4.1571741218  0.0008385648  6716          0.0545484905 
0.0857265324  0.0989929291  0.0955850836  47.000000000  0.0019273856  0.0010071487  4.1460707384  0.0007628605  6862          0.0546191016 
0.0857265324  0.0989929291  0.0955850836  48.000000000  0.0028699261  0.0019525404  4.1455880159  0.0008314876  7008          0.0542497112 
0.0857265324  0.0989929291  0.0955850836  49.000000000  0.0017299815  0.0020328874  4.1480017509  0.0008348721  7154          0.0546706131 
0.0857265324  0.0989929291  0.0955850836  50.000000000  0.0026552057  0.0022343544  4.1837256134  0.0007491258  7300          0.0543601595 
0.0857265324  0.0989929291  0.0955850836  51.000000000  0.0005025112  0.0022703197  4.1528293107  0.0007481029  7446          0.0543945571 
0.0857265324  0.0989929291  0.0955850836  52.000000000  0.0019647422  0.0006939483  4.1716567425  0.0006470337  7592          0.0544295099 
0.0857265324  0.0989929291  0.0955850836  53.000000000  0.0030888956  0.0029735010  4.1735877631  0.0007479938  7738          0.0540161476 
0.0857265324  0.0989929291  0.0955850836  54.000000000  0.0012156310  0.0022408505  4.1494500572  0.0006212721  7884          0.0544089340 
0.0857265324  0.0989929291  0.0955850836  55.000000000  0.0007404497  0.0014958545  4.1547603346  0.0006305624  8030          0.0580932637 
0.0857265324  0.0989929291  0.0955850836  56.000000000  0.0020625134  0.0011233336  4.1639326713  0.0006011315  8176          0.0542494859 
0.0857265324  0.0989929291  0.0955850836  57.000000000  0.0008226584  0.0004442391  4.1518638395  0.0005570900  8322          0.0539417397 
0.0857265324  0.0989929291  0.0955850836  58.000000000  0.0017609335  0.0011799107  4.1566913601  0.0005590904  8468          0.0542064513 
0.0857265324  0.0989929291  0.0955850836  59.000000000  0.0013662495  0.0011483545  4.1422087052  0.0004518147  8614          0.0542244683 
0.0857265324  0.0989929291  0.0955850836  60.000000000  0.0001040093  0.0005544702  4.1581396240  0.0004234191  8760          0.0543440286 
0.0857265324  0.0989929291  0.0955850836  61.000000000  0.0002493172  0.0009495167  4.1422087313  0.0003672184  8906          0.0542050910 
0.0857265324  0.0989929291  0.0955850836  62.000000000  0.0007068523  0.0009886794  4.1528293695  0.0003828278  9052          0.0539129532 
0.0857265324  0.0989929291  0.0955850836  63.000000000  0.0003825736  0.0007223756  4.1441397308  0.0003765293  9198          0.0540242342 
0.0857265324  0.0989929291  0.0955850836  64.000000000  0.0011209592  0.0008331488  4.1629671822  0.0003378223  9344          0.0539440570 
0.0857265324  0.0989929291  0.0955850836  65.000000000  0.0014158732  0.0006555988  4.1571741398  0.0003142120  9490          0.0539247238 
0.0857265324  0.0989929291  0.0955850836  66.000000000  0.0013385570  0.0007673584  4.1518638330  0.0002849447  9636          0.0540078046 
0.0857265324  0.0989929291  0.0955850836  67.000000000  0.0007980752  0.0014971674  4.1417259713  0.0002719243  9782          0.0538696475 
0.0857265324  0.0989929291  0.0955850836  68.000000000  0.0010077333  0.0006673336  4.1629671365  0.0002204125  9928          0.0542274534 
0.0857265324  0.0989929291  0.0955850836  69.000000000  0.0000114049  0.0004161188  4.1639327088  0.0001702196  10074         0.0540732439 
0.0857265324  0.0989929291  0.0955850836  70.000000000  0.0006516927  0.0008480516  4.1537948096  0.0001696327  10220         0.0542408767 
0.0857265324  0.0989929291  0.0955850836  71.000000000  0.0004422011  0.0004935003  4.1750360613  0.0001498750  10366         0.0544836799 
0.0857265324  0.0989929291  0.0955850836  72.000000000  0.0007222809  0.0002700041  4.1528293156  0.0001287710  10512         0.0587422048 
0.0857265324  0.0989929291  0.0955850836  73.000000000  0.0001030426  0.0011484852  4.1634499194  0.0001340534  10658         0.0543465075 
0.0857265324  0.0989929291  0.0955850836  74.000000000  0.0005114960  0.0000856249  4.1523465669  0.0001250333  10804         0.0574531147 
0.0857265324  0.0989929291  0.0955850836  75.000000000  0.0006631531  0.0004345848  4.1668292170  0.0001176800  10950         0.0546003449 
0.0857265324  0.0989929291  0.0955850836  76.000000000  -0.000218081  0.0002791751  4.1624844221  0.0001032872  11096         0.0533211003 
0.0857265324  0.0989929291  0.0955850836  77.000000000  -0.000031259  0.0002017674  4.1620016572  0.0001282509  11242         0.0543023642 
0.0857265324  0.0989929291  0.0955850836  78.000000000  0.0003210780  0.0006913812  4.1595878911  0.0001138276  11388         0.0537575157 
0.0857265324  0.0989929291  0.0955850836  79.000000000  0.0003149575  0.0001786114  4.1552430800  0.0000960153  11534         0.0545136749 
0.0857265324  0.0989929291  0.0955850836  80.000000000  0.0001650836  0.0001906108  4.1465535344  0.0000810549  11680         0.0547796635 
0.0857265324  0.0989929291  0.0955850836  81.000000000  0.0001037872  0.0000861638  4.1431742172  0.0000874026  11826         0.0538405996 
0.0857265324  0.0989929291  0.0955850836  82.000000000  -0.000333132  0.0004274192  4.1610361223  0.0000730762  11972         0.0537836437 
0.0857265324  0.0989929291  0.0955850836  83.000000000  0.0002400777  0.0002515969  4.1644154509  0.0000818289  12118         0.0536090854 
0.0857265324  0.0989929291  0.0955850836  84.000000000  0.0000997112  -0.000040638  4.1721394862  0.0000716112  12264         0.0539914419 
0.0857265324  0.0989929291  0.0955850836  85.000000000  0.0004574632  0.0004059746  4.1885531488  0.0000792269  12410         0.0542690346 
0.0857265324  0.0989929291  0.0955850836  86.000000000  -0.000005578  0.0003329662  4.1571741578  0.0000809393  12556         0.0539878525 
0.0857265324  0.0989929291  0.0955850836  87.000000000  -0.000197554  0.0002235386  4.1615189216  0.0000711186  12702         0.0540189318 
0.0857265324  0.0989929291  0.0955850836  88.000000000  -0.000077701  0.0002639196  4.1484845305  0.0000610941  12848         0.0541557988 
0.0857265324  0.0989929291  0.0955850836  89.000000000  0.0003075600  0.0000844100  4.1518638069  0.0000554465  12994         0.0543517887 
0.0857265324  0.0989929291  0.0955850836  90.000000000  0.0003803658  0.0001573857  4.1528293254  0.0000657908  13140         0.0536935231 
0.0857265324  0.0989929291  0.0955850836  91.000000000  0.0003569061  -0.000083629  4.1576568770  0.0000513540  13286         0.0543177601 
0.0857265324  0.0989929291  0.0955850836  92.000000000  -0.000043898  0.0002289047  4.1784153213  0.0000503918  13432         0.0540528591 
0.0857265324  0.0989929291  0.0955850836  93.000000000  0.0000810950  0.0003268457  4.1624844156  0.0000617055  13578         0.0541345502 
0.0857265324  0.0989929291  0.0955850836  94.000000000  0.0003816200  0.0004437231  4.1523465604  0.0000465153  13724         0.0541468059 
0.0857265324  0.0989929291  0.0955850836  95.000000000  0.0001941021  -0.000016421  4.1745532816  0.0000581468  13870         0.0546648960 
0.0857265324  0.0989929291  0.0955850836  96.000000000  0.0000817025  -0.000182746  4.1340018837  0.0000454359  14016         0.0546384413 
0.0857265324  0.0989929291  0.0955850836  97.000000000  0.0000337869  0.0001421530  4.1460707727  0.0000467377  14162         0.0544902152 
0.0857265324  0.0989929291  0.0955850836  98.000000000  0.0001634964  0.0000396657  4.1591051098  0.0000494646  14308         0.0578153476 
0.0857265324  0.0989929291  0.0955850836  99.000000000  0.0002074895  -0.000233153  4.1624844515  0.0000408640  14454         0.0543668025 
0.0857265324  0.0989929291  0.0955850836  99.993150684  0.0002252546  -0.000214698  4.1628339702  0.0000501218  14599         0.0545712356 
