Environment:
	Python: 3.8.10
	PyTorch: 1.10.0+cu113
	Torchvision: 0.11.1+cu113
	CUDA: 11.3
	CUDNN: 8200
	NumPy: 1.21.4
	PIL: 8.4.0
Args:
	algorithm: KL_GP
	checkpoint_freq: None
	data_dir: /root/data
	dataset: RotatedMNIST
	epochs: None
	holdout_fraction: 0.2
	hparams: None
	hparams_seed: 16
	output_dir: ./results_sweep_kl_gp_1/d5a916f6271872fef8b3ccd1379f22be
	save_model_every_checkpoint: False
	seed: 1254973631
	skip_model_save: False
	steps: None
	task: domain_adaptation
	test_envs: [1]
	train_envs: [0]
	trial_seed: 1
	uda_holdout_fraction: 0
HParams:
	augment_softmax: 0.05
	batch_size: 128
	class_balanced: False
	data_augmentation: True
	grad_penalty: 0.015388960127822048
	kl_reg: 0.10596140034612972
	kl_reg_aux: 0.3125351352190504
	lr: 0.0003003500604565885
	nonlinear_classifier: False
	num_samples: 20
	resnet18: True
	resnet_dropout: 0.0
	specify_zdim: True
	weight_decay: 0.0
	z_dim: 512
cuda
/root/miniconda3/lib/python3.8/site-packages/torchvision/transforms/functional.py:984: UserWarning: Argument resample is deprecated and will be removed since v0.10.0. Please, use interpolation instead
  warnings.warn(
env0_out_acc  env1_in_acc   env1_out_acc  epoch         kl            kl_aux        loss          penalty       step          step_time    
0.1050150021  0.1104563960  0.1041577368  0.0000000000  0.7702088356  0.5649192333  2.3240728378  83.765205383  0             0.1869103909 
0.1414487784  0.1436683094  0.1568795542  1.0000000000  0.0439277120  0.0469626139  2.3082847007  3.2213360920  73            0.1150389077 
0.2413201886  0.2505892436  0.2636090870  2.0000000000  0.0707106198  0.0839522342  2.1978070017  2.0378531920  146           0.1152015680 
0.2696099443  0.2872294836  0.2961851693  3.0000000000  0.0762566769  0.0899305507  2.0959698991  2.4442383998  219           0.1152621981 
0.3227603943  0.3247268052  0.3416202315  4.0000000000  0.1120693063  0.1173149037  2.0286191147  2.3291714240  292           0.1152943977 
0.3103300471  0.3034068995  0.3193313330  5.0000000000  0.1114834727  0.1088557080  1.9993217204  2.5248616281  365           0.1148729782 
0.3030432919  0.3059781444  0.3261894556  6.0000000000  0.1187748746  0.1272662209  1.9622442232  1.8665835384  438           0.1152037627 
0.3330475782  0.3299764303  0.3411915988  7.0000000000  0.1344554588  0.1371162134  1.9302269008  2.1300640498  511           0.1152529227 
0.4552078868  0.4304692522  0.4410630090  8.0000000000  0.1524629299  0.1413018442  1.9073372361  1.8349887427  584           0.1150405799 
0.4234890699  0.3683308335  0.3699099871  9.0000000000  0.1553654507  0.1699735922  1.8590542388  2.1435225402  657           0.1151149240 
0.5212173168  0.5028926505  0.5126446635  10.000000000  0.1697930212  0.1697339979  1.8335878098  2.2857223896  730           0.1152409168 
0.4144877840  0.4241482751  0.4376339477  11.000000000  0.2172298399  0.2187166933  1.7746962358  2.2034647138  803           0.1149162626 
0.5816545221  0.5237840154  0.5272181740  12.000000000  0.2238039709  0.2329960294  1.7360075533  2.7450550141  876           0.1154342286 
0.5426489498  0.5474608957  0.5709387055  13.000000000  0.2646481925  0.2719168598  1.6527943970  2.2464670972  949           0.1150358213 
0.7393913416  0.6980929934  0.7085297900  14.000000000  0.3051969123  0.3095248301  1.5775508391  2.7201462788  1022          0.1153748754 
0.7351050150  0.6855581744  0.6909558508  15.000000000  0.3058606337  0.3116720409  1.5256932876  3.4392292663  1095          0.1155145560 
0.7608229747  0.6781658453  0.6853836262  16.000000000  0.3208368380  0.3359649410  1.4562813223  3.2659072729  1168          0.1152985161 
0.8079725675  0.7683736876  0.7762537505  17.000000000  0.3547048895  0.3716257304  1.3790569420  2.7518577543  1241          0.1149825527 
0.8392627518  0.8011570602  0.8105443635  18.000000000  0.3652476154  0.3597182966  1.3266658032  3.2846008033  1314          0.1151402846 
0.8396913845  0.8187272338  0.8101157308  19.000000000  0.3523325691  0.3665695876  1.2641248458  3.0014927910  1387          0.1150468735 
0.8641234462  0.8283694022  0.8302614659  20.000000000  0.3795576553  0.3883455388  1.2075096989  2.9966511955  1460          0.1151652205 
0.8649807115  0.8125133919  0.8096870982  21.000000000  0.3795843810  0.3698909315  1.1875756799  3.6709784906  1533          0.1151053416 
0.8795542220  0.8413327619  0.8426918131  22.000000000  0.3772407329  0.3848595848  1.1351523007  2.7279552989  1606          0.1150906674 
0.9061294471  0.8800085708  0.8804114874  23.000000000  0.3810788540  0.3799508173  1.1057485579  3.2082475865  1679          0.1148856111 
0.9065580797  0.8789372188  0.8821260180  24.000000000  0.3906573661  0.3684013053  1.0688982100  2.9843133672  1752          0.1151978545 
0.9095585084  0.8900792801  0.8881268753  25.000000000  0.3812653267  0.3783323340  1.0516626500  3.1763574914  1825          0.1153887200 
0.9074153450  0.8653310478  0.8662666095  26.000000000  0.3973017915  0.3762461584  1.0144710704  2.6191225199  1898          0.1153610536 
0.9224174882  0.9021855582  0.8949849979  27.000000000  0.3941855235  0.3707505448  0.9985922306  2.7491932389  1971          0.1151413656 
0.9348478354  0.9060424255  0.9061294471  28.000000000  0.3942646131  0.3773051027  0.9850839352  2.8384039255  2044          0.1154265828 
0.9365623661  0.9181487037  0.9181311616  29.000000000  0.4061073277  0.3757416516  0.9437328651  2.5074217597  2117          0.1153386978 
0.9305615088  0.9184701093  0.9194170596  30.000000000  0.3863114135  0.3502738051  0.9375173539  2.6121401542  2190          0.1151176511 
0.9361337334  0.9208270838  0.9198456922  31.000000000  0.3676807848  0.3646595511  0.9165290553  2.5149543269  2263          0.1150299980 
0.9447063866  0.9260767088  0.9245606515  32.000000000  0.3611451894  0.3655488001  0.9123696154  2.7696437787  2336          0.1148709402 
0.9442777540  0.9202914078  0.9215602229  33.000000000  0.3689210121  0.3689954836  0.8981316237  2.4676582209  2409          0.1149773206 
0.9434204886  0.9257553032  0.9245606515  34.000000000  0.3554103081  0.3594374853  0.9099998882  2.7038258575  2482          0.1149945945 
0.9502786112  0.9272551961  0.9258465495  35.000000000  0.3733984673  0.3432110368  0.8805919143  2.3759135873  2555          0.1149369821 
0.9541363052  0.9299335762  0.9335619374  36.000000000  0.3695315531  0.3582355878  0.8622749293  2.4544663707  2628          0.1153720830 
0.9519931419  0.9375401757  0.9374196314  37.000000000  0.3674279762  0.3486092776  0.8640383833  2.5256123151  2701          0.1151502492 
0.9524217745  0.9336833083  0.9318474068  38.000000000  0.3618729604  0.3603348667  0.8467956283  2.2536676126  2774          0.1151021703 
0.9579939991  0.9362545532  0.9425632233  39.000000000  0.3600670540  0.3514039223  0.8494287452  2.2544538338  2847          0.1152943748 
0.9571367338  0.9388257982  0.9352764681  40.000000000  0.3444175655  0.3471364714  0.8298199218  2.2593213753  2920          0.1152866377 
0.9597085298  0.9442896936  0.9421345907  41.000000000  0.3688908407  0.3481934365  0.8266155344  1.9461189802  2993          0.1149846201 
0.9665666524  0.9423612599  0.9391341620  42.000000000  0.3445365527  0.3188559911  0.8211437554  2.1796250311  3066          0.1151019090 
0.9601371625  0.9492179130  0.9455636520  43.000000000  0.3466488629  0.3270643051  0.8086230559  2.0457623021  3139          0.1147657355 
0.9635662237  0.9475037497  0.9472781826  44.000000000  0.3437322656  0.3299369681  0.8036479076  2.0034011994  3212          0.1148981362 
0.9631375911  0.9449325048  0.9425632233  45.000000000  0.3406833035  0.3360750643  0.8030741778  1.8879233288  3285          0.1153173447 
0.9648521217  0.9487893722  0.9434204886  46.000000000  0.3433872576  0.3184340359  0.8003616529  1.7948135252  3358          0.1150969708 
0.9644234891  0.9497535890  0.9485640806  47.000000000  0.3342948678  0.3294526192  0.7932329186  1.9035601232  3431          0.1151263583 
0.9627089584  0.9503964003  0.9459922846  48.000000000  0.3352779820  0.3129077023  0.7908775455  1.8374964285  3504          0.1153202286 
0.9665666524  0.9498607242  0.9464209173  49.000000000  0.3440066886  0.3125573184  0.7841627516  2.0146445412  3577          0.1154025548 
0.9631375911  0.9535033212  0.9519931419  50.000000000  0.3165099915  0.3149197918  0.7826627419  1.8859555297  3650          0.1155348020 
0.9648521217  0.9407542318  0.9357051007  51.000000000  0.3292979867  0.3092901739  0.7793068216  2.0024867670  3723          0.1155450965 
0.9704243463  0.9510392115  0.9502786112  52.000000000  0.3311478536  0.3196169775  0.7769152971  1.7606660160  3796          0.1154800800 
0.9644234891  0.9494321834  0.9451350193  53.000000000  0.3098921188  0.3145784548  0.7673523222  1.9102443440  3869          0.1150436042 
0.9712816117  0.9571459181  0.9537076725  54.000000000  0.3228814177  0.3140497534  0.7723835233  1.9382364162  3942          0.1150496888 
0.9669952850  0.9544675380  0.9502786112  55.000000000  0.3169426722  0.2954126058  0.7690303456  1.9426730634  4015          0.1149571922 
0.9691384483  0.9538247268  0.9485640806  56.000000000  0.3134863083  0.3040017298  0.7701061009  1.6035615606  4088          0.1149483903 
0.9669952850  0.9539318620  0.9524217745  57.000000000  0.2949947854  0.2895754723  0.7518308440  1.6230384103  4161          0.1182550274 
0.9699957137  0.9604671095  0.9627089584  58.000000000  0.3161636117  0.3124934092  0.7596916058  1.7952771783  4234          0.1153380022 
0.9712816117  0.9563959717  0.9601371625  59.000000000  0.3015096677  0.2990976490  0.7547126755  1.6193142133  4307          0.1151411925 
0.9674239177  0.9542532676  0.9545649378  60.000000000  0.2988713996  0.2941212328  0.7555366787  1.6687451609  4380          0.1156303295 
0.9717102443  0.9601457039  0.9605657951  61.000000000  0.3017729472  0.2973735300  0.7550056748  1.6434141822  4453          0.1156922791 
0.9708529790  0.9593957574  0.9627089584  62.000000000  0.3079018789  0.2803965660  0.7461456485  1.6121745477  4526          0.1157343028 
0.9721388770  0.9573601886  0.9567081012  63.000000000  0.3187702519  0.2900218898  0.7443560999  1.6900889792  4599          0.1158180139 
0.9704243463  0.9576815942  0.9562794685  64.000000000  0.3117181308  0.2969251006  0.7472870652  1.6810845904  4672          0.1155787821 
0.9678525504  0.9555388901  0.9524217745  65.000000000  0.3056727566  0.2751656624  0.7405322627  1.5660100440  4745          0.1153036013 
0.9704243463  0.9610027855  0.9669952850  66.000000000  0.2991654710  0.2798015973  0.7382444780  1.5876039389  4818          0.1152709706 
0.9712816117  0.9589672166  0.9579939991  67.000000000  0.3016239976  0.2781267035  0.7309687072  1.5493886022  4891          0.1154017710 
0.9742820403  0.9632526248  0.9597085298  68.000000000  0.2961899156  0.2808003556  0.7252866691  1.4362280769  4964          0.1153467779 
0.9699957137  0.9606813799  0.9609944278  69.000000000  0.2883239707  0.2763782135  0.7363268055  1.5313719936  5037          0.1155227472 
0.9725675096  0.9631454896  0.9605657951  70.000000000  0.3016313004  0.2845356954  0.7204912289  1.4663865632  5110          0.1156208744 
0.9734247750  0.9620741376  0.9622803258  71.000000000  0.2896541896  0.2687400139  0.7265746136  1.3895461306  5183          0.1153915810 
0.9742820403  0.9645382473  0.9631375911  72.000000000  0.2970764931  0.2778121674  0.7300520254  1.4688406268  5256          0.1158419015 
0.9669952850  0.9541461324  0.9511358766  73.000000000  0.2876615916  0.2671678817  0.7265717665  1.4433565434  5329          0.1155952199 
0.9657093871  0.9572530534  0.9549935705  74.000000000  0.3069281774  0.2834819441  0.7227587904  1.4455377541  5402          0.1157527558 
0.9751393056  0.9658238697  0.9661380197  75.000000000  0.2976142021  0.2769553498  0.7170321958  1.3869546472  5475          0.1157757713 
0.9712816117  0.9630383544  0.9648521217  76.000000000  0.2922795374  0.2774046153  0.7160812992  1.3372470255  5548          0.1159232675 
0.9751393056  0.9621812728  0.9657093871  77.000000000  0.2928261104  0.2594974792  0.7162913770  1.2753058762  5621          0.1154443826 
0.9768538363  0.9641097064  0.9631375911  78.000000000  0.2882147946  0.2743991564  0.7194167661  1.4478098783  5694          0.1154532269 
0.9751393056  0.9603599743  0.9597085298  79.000000000  0.2899018967  0.2620095096  0.7110218724  1.3184804402  5767          0.1155893084 
0.9742820403  0.9636811656  0.9639948564  80.000000000  0.2846571517  0.2657749947  0.7114918346  1.3448620169  5840          0.1155623149 
0.9755679383  0.9663595457  0.9618516931  81.000000000  0.2801190598  0.2549246370  0.7145524768  1.3594358465  5913          0.1154646155 
0.9764252036  0.9645382473  0.9631375911  82.000000000  0.2795442620  0.2488107420  0.7065241304  1.2677521502  5986          0.1153781904 
0.9751393056  0.9636811656  0.9627089584  83.000000000  0.2820937797  0.2603998445  0.7121712892  1.3850286521  6059          0.1154547685 
0.9734247750  0.9673237626  0.9691384483  84.000000000  0.2735430574  0.2675360719  0.7083800362  1.3530888745  6132          0.1158232656 
0.9712816117  0.9618598672  0.9584226318  85.000000000  0.2741628542  0.2616622546  0.7062194160  1.2554795644  6205          0.1157412235 
0.9802828976  0.9666809514  0.9661380197  86.000000000  0.2892300789  0.2491446391  0.7100779798  1.2406941138  6278          0.1156638061 
0.9777111016  0.9659310049  0.9652807544  87.000000000  0.2963815258  0.2568346638  0.7070541251  1.2946249353  6351          0.1158515656 
0.9729961423  0.9632526248  0.9579939991  88.000000000  0.2763880900  0.2610089616  0.7026900894  1.4304446292  6424          0.1155786678 
0.9777111016  0.9673237626  0.9687098157  89.000000000  0.2829540070  0.2718760935  0.7093124871  1.3802241708  6497          0.1154470901 
0.9751393056  0.9645382473  0.9657093871  90.000000000  0.2837207285  0.2653627853  0.7005643396  1.2060038684  6570          0.1216307144 
0.9738534076  0.9625026784  0.9639948564  91.000000000  0.2664571854  0.2496565793  0.7015746097  1.3591345785  6643          0.1153649729 
0.9725675096  0.9631454896  0.9648521217  92.000000000  0.2717762124  0.2573456307  0.6969565545  1.2525541456  6716          0.1206482502 
0.9798542649  0.9690379259  0.9669952850  93.000000000  0.2754884027  0.2611748421  0.7012515640  1.2643366366  6789          0.1152367363 
0.9764252036  0.9688236555  0.9691384483  94.000000000  0.2612922812  0.2451220147  0.6941340157  1.1699379323  6862          0.1150808138 
0.9759965709  0.9656095993  0.9652807544  95.000000000  0.2773495700  0.2430544749  0.6897723716  1.0955447497  6935          0.1147979743 
0.9789969996  0.9670023570  0.9652807544  96.000000000  0.2729109934  0.2524041672  0.6911778074  1.0704702727  7008          0.1152420077 
0.9738534076  0.9663595457  0.9635662237  97.000000000  0.2897013769  0.2613704172  0.6966273572  1.3228542960  7081          0.1157452048 
0.9704243463  0.9581101350  0.9579939991  98.000000000  0.2730563961  0.2550837896  0.7062415015  1.4186735455  7154          0.1153172434 
0.9734247750  0.9633597600  0.9605657951  99.000000000  0.2682218617  0.2481464948  0.6920535099  1.2170784363  7227          0.1152029495 
0.9785683669  0.9704306835  0.9708529790  99.986301369  0.2629975080  0.2377234300  0.6898237367  1.1259512620  7299          0.1157695552 
