Environment:
	Python: 3.8.10
	PyTorch: 1.10.0+cu113
	Torchvision: 0.11.1+cu113
	CUDA: 11.3
	CUDNN: 8200
	NumPy: 1.21.4
	PIL: 8.4.0
Args:
	algorithm: KL_GP
	checkpoint_freq: None
	data_dir: /root/data
	dataset: RotatedMNIST
	epochs: None
	holdout_fraction: 0.2
	hparams: None
	hparams_seed: 12
	output_dir: ./results_sweep_kl_gp_1/4bf37cd8961a948ec333adeb4aec9ac4
	save_model_every_checkpoint: False
	seed: 1269894343
	skip_model_save: False
	steps: None
	task: domain_adaptation
	test_envs: [5]
	train_envs: [0]
	trial_seed: 2
	uda_holdout_fraction: 0
HParams:
	augment_softmax: 0.0
	batch_size: 256
	class_balanced: False
	data_augmentation: True
	grad_penalty: 0.043920100910551485
	kl_reg: 0.20580992074677654
	kl_reg_aux: 0.7766574572732582
	lr: 3.188423190681237e-05
	nonlinear_classifier: False
	num_samples: 20
	resnet18: True
	resnet_dropout: 0.0
	specify_zdim: False
	weight_decay: 0.0
	z_dim: 128
cuda
/root/miniconda3/lib/python3.8/site-packages/torchvision/transforms/functional.py:984: UserWarning: Argument resample is deprecated and will be removed since v0.10.0. Please, use interpolation instead
  warnings.warn(
env0_out_acc  env5_in_acc   env5_out_acc  epoch         kl            kl_aux        loss          penalty       step          step_time    
0.0844406344  0.0910746812  0.0917273896  0.0000000000  0.4437816739  0.5501788259  2.3937578201  187.13340759  0             0.1985573769 
0.0994427775  0.1009321761  0.0998714102  1.0000000000  0.2037734737  0.2043259326  2.3965276215  54.359970145  36            0.1182998419 
0.1294470639  0.1333976213  0.1285897985  2.0000000000  0.0616747306  0.0662897047  2.3845427301  18.839551846  72            0.1187233925 
0.1410201457  0.1436837030  0.1363051865  3.0000000000  0.0333939617  0.0342679496  2.3803116017  11.481706884  108           0.1183929774 
0.1474496357  0.1449694632  0.1453064724  4.0000000000  0.0231782703  0.0205293737  2.3737289773  8.1296509107  144           0.1180368529 
0.1538791256  0.1422907961  0.1320188598  5.0000000000  0.0155427696  0.0102412088  2.3747690320  6.3066915539  180           0.1180680792 
0.1525932276  0.1413264759  0.1371624518  6.0000000000  0.0100751693  0.0103631467  2.3587704168  4.9546598991  216           0.1187160081 
0.1461637377  0.1446480231  0.1453064724  7.0000000000  0.0080997298  0.0073607970  2.3682894707  4.4818039139  252           0.1181654202 
0.1551650236  0.1534340512  0.1500214316  8.0000000000  0.0071394021  0.0104154878  2.3638885485  3.8955977758  288           0.1183258030 
0.1483069010  0.1508625308  0.1290184312  9.0000000000  0.0055982446  0.0073747089  2.3591736025  3.4552592635  324           0.1180827551 
0.1671667381  0.1576127719  0.1380197171  10.000000000  0.0058322971  0.0058575422  2.3632972307  3.1071528660  360           0.1186814043 
0.1607372482  0.1522554377  0.1530218603  11.000000000  0.0065106385  0.0048588614  2.3602602217  2.8942034576  396           0.1185418367 
0.1564509216  0.1500053573  0.1500214316  12.000000000  0.0075057430  0.0049802628  2.3622966806  2.6429210371  432           0.1189462410 
0.1607372482  0.1600771456  0.1633090441  13.000000000  0.0065776366  0.0070911108  2.3536602789  2.4898410671  468           0.1186112430 
0.1723103300  0.1567555984  0.1615945135  14.000000000  0.0050939810  0.0046623705  2.3465367224  2.3498364256  504           0.1184433897 
0.1684526361  0.1588985321  0.1684526361  15.000000000  0.0030652798  0.0045726995  2.3622972568  2.2437589069  540           0.1183566915 
0.1740248607  0.1605057323  0.1504500643  16.000000000  0.0061241363  0.0042425858  2.3510678609  2.2068521976  576           0.1188518869 
0.1705957994  0.1607200257  0.1628804115  17.000000000  0.0048359368  0.0056048888  2.3507535458  2.0243922869  612           0.1188329127 
0.1748821260  0.1615771992  0.1598799829  18.000000000  0.0038254062  0.0038766944  2.3482751913  1.9634902775  648           0.1187365188 
0.1688812688  0.1590056788  0.1594513502  19.000000000  0.0056220053  0.0045090707  2.3413419591  1.8345001936  684           0.1180850003 
0.1821688813  0.1637201329  0.1633090441  20.000000000  0.0053747950  0.0038635780  2.3325381544  1.8459351096  720           0.1181647314 
0.1727389627  0.1702560806  0.1654522075  21.000000000  0.0048641488  0.0054464473  2.3422361016  1.6963406437  756           0.1183375451 
0.1963137591  0.1806493089  0.1633090441  22.000000000  0.0061326466  0.0047760316  2.3406304452  1.7192479604  792           0.1188450985 
0.1894556365  0.1702560806  0.1701671667  23.000000000  0.0055171657  0.0028595469  2.3325349357  1.6218781571  828           0.1181437373 
0.1770252893  0.1740062145  0.1645949421  24.000000000  0.0061668555  0.0048653326  2.3314177129  1.5440074172  864           0.1180485421 
0.1808829833  0.1772206150  0.1693099014  25.000000000  0.0036138685  0.0041755496  2.3401440117  1.5906945633  900           0.1308509972 
0.1873124732  0.1722918676  0.1650235748  26.000000000  0.0070129600  0.0038184043  2.3322802186  1.4727509353  936           0.1183702217 
0.1860265752  0.1725061609  0.1761680240  27.000000000  0.0051011700  0.0056176202  2.3324456414  1.4850086338  972           0.1184784373 
0.1945992285  0.1809707490  0.1830261466  28.000000000  0.0058209283  0.0058060131  2.3288019366  1.4799526831  1008          0.1182953252 
0.1988855551  0.1880424301  0.1838834119  29.000000000  0.0051916473  0.0047861735  2.3289330999  1.4280519519  1044          0.1183450090 
0.1963137591  0.1823636558  0.1813116159  30.000000000  0.0073789888  0.0045364789  2.3206316895  1.3838284744  1080          0.1181662612 
0.1975996571  0.1807564556  0.1778825547  31.000000000  0.0075425299  0.0046581270  2.3255474303  1.3887705968  1116          0.1183501614 
0.1924560652  0.1815064824  0.1778825547  32.000000000  0.0078172601  0.0051837464  2.3253454434  1.4296929406  1152          0.1189481484 
0.1868838405  0.1721847209  0.1607372482  33.000000000  0.0070849119  0.0051435307  2.3110186987  1.3603461716  1188          0.1181716654 
0.1933133305  0.1880424301  0.1847406772  34.000000000  0.0058669075  0.0049981847  2.3177196847  1.3209189210  1224          0.1180457075 
0.1937419631  0.1854709097  0.1898842692  35.000000000  0.0068609557  0.0034566381  2.3174102373  1.3458034429  1260          0.1183013055 
0.2083154736  0.1936140576  0.1851693099  36.000000000  0.0080032705  0.0068605600  2.3126661910  1.3539885051  1296          0.1185318761 
0.2070295757  0.1947926712  0.1881697385  37.000000000  0.0076742023  0.0071245755  2.3071316613  1.2894481520  1332          0.1186787751 
0.2087441063  0.1940426444  0.1894556365  38.000000000  0.0078157650  0.0089046972  2.3083572388  1.2655029727  1368          0.1185495655 
0.2053150450  0.1962927247  0.1975996571  39.000000000  0.0064684119  0.0090454544  2.3096751836  1.2607858148  1404          0.1183531417 
0.1993141877  0.1939354977  0.1838834119  40.000000000  0.0080012265  0.0068675843  2.3007805679  1.2722572237  1440          0.1187678642 
0.2006000857  0.1884710168  0.1838834119  41.000000000  0.0082382783  0.0099363004  2.2925641470  1.2076033685  1476          0.1186229255 
0.2186026575  0.2031501125  0.1958851264  42.000000000  0.0067961729  0.0081161815  2.2934537861  1.2649824801  1512          0.1183822552 
0.1980282898  0.1906139505  0.1808829833  43.000000000  0.0096249166  0.0082740345  2.2874629696  1.2567248444  1548          0.1185226639 
0.2040291470  0.1974713383  0.1950278611  44.000000000  0.0085167223  0.0087240496  2.2893461055  1.2569647878  1584          0.1184060772 
0.2160308616  0.2020786457  0.1967423918  45.000000000  0.0075345205  0.0072961607  2.2869214945  1.2517176734  1620          0.1182596352 
0.2057436777  0.2062573663  0.1945992285  46.000000000  0.0078978224  0.0093519216  2.2766663167  1.2736384438  1656          0.1181796922 
0.2087441063  0.2015429122  0.1920274325  47.000000000  0.0096045203  0.0110932274  2.2720175849  1.2417251468  1692          0.1182351377 
0.2001714531  0.1975784849  0.1885983712  48.000000000  0.0101640324  0.0135762393  2.2629660169  1.3244153394  1728          0.1182841592 
0.2194599228  0.2072216865  0.2151735962  49.000000000  0.0107883538  0.0085060596  2.2711777820  1.3221522139  1764          0.1180520058 
0.2250321474  0.2125790207  0.2083154736  50.000000000  0.0095751137  0.0124554667  2.2571265101  1.3016017245  1800          0.1181755265 
0.2078868410  0.1943640844  0.2027432490  51.000000000  0.0111021077  0.0148840480  2.2511061165  1.2934759557  1836          0.1182886958 
0.2160308616  0.2086145934  0.2143163309  52.000000000  0.0109863861  0.0109405592  2.2468769815  1.2772300806  1872          0.1182383034 
0.2301757394  0.2184720883  0.2134590656  53.000000000  0.0111002127  0.0152521953  2.2423639761  1.2984639903  1908          0.1291214691 
0.2233176168  0.2187935283  0.2263180454  54.000000000  0.0114566609  0.0119804367  2.2389602727  1.3409170740  1944          0.1186435885 
0.2207458208  0.2135433408  0.2138876982  55.000000000  0.0158613813  0.0152202290  2.2248553832  1.3801601032  1980          0.1190292835 
0.2258894128  0.2197578485  0.2237462495  56.000000000  0.0193291439  0.0148078725  2.2213567495  1.3308781220  2016          0.1187420289 
0.2297471067  0.2234008357  0.2203171882  57.000000000  0.0164715201  0.0162094682  2.2132988373  1.3769367072  2052          0.1190562513 
0.2254607801  0.2260795028  0.2241748821  58.000000000  0.0174138753  0.0184642408  2.2048759527  1.3894697030  2088          0.1187967128 
0.2318902700  0.2226508090  0.2271753108  59.000000000  0.0165644975  0.0172228970  2.1977579991  1.4076795048  2124          0.1287566423 
0.2353193313  0.2356155577  0.2254607801  60.000000000  0.0205038380  0.0228572910  2.1859905587  1.5699428436  2160          0.1192962792 
0.2297471067  0.2290796100  0.2233176168  61.000000000  0.0225350244  0.0198965909  2.1843303177  1.4671687782  2196          0.1193080412 
0.2254607801  0.2319725704  0.2237462495  62.000000000  0.0180728502  0.0164008091  2.1761937473  1.4667716093  2232          0.1194809543 
0.2413201886  0.2359369977  0.2460351479  63.000000000  0.0186117300  0.0187910050  2.1651523378  1.4907400409  2268          0.1194135017 
0.2340334333  0.2402228651  0.2263180454  64.000000000  0.0227010672  0.0220339894  2.1585772567  1.5213351217  2304          0.1195006304 
0.2353193313  0.2356155577  0.2370338620  65.000000000  0.0232753249  0.0191862856  2.1462460293  1.4781038529  2340          0.1191886597 
0.2490355765  0.2431158256  0.2430347192  66.000000000  0.0226062213  0.0203823373  2.1485433247  1.5521960987  2376          0.1194494963 
0.2314616374  0.2389371049  0.2378911273  67.000000000  0.0231850975  0.0231969075  2.1358233823  1.4428594013  2412          0.1195232736 
0.2396056580  0.2438658524  0.2408915559  68.000000000  0.0195870598  0.0219883000  2.1365705397  1.5323491626  2448          0.1194836100 
0.2391770253  0.2406514518  0.2366052293  69.000000000  0.0202556882  0.0230112697  2.1264397966  1.8651982794  2484          0.1196116143 
0.2413201886  0.2388299582  0.2374624946  70.000000000  0.0272466118  0.0250315741  2.1303233902  1.8948534661  2520          0.1183276905 
0.2370338620  0.2408657452  0.2408915559  71.000000000  0.0220832336  0.0251549366  2.1321134302  1.4825576676  2556          0.1179001464 
0.2370338620  0.2440801457  0.2503214745  72.000000000  0.0211076265  0.0235451013  2.1141013900  1.5375476927  2592          0.1179093719 
0.2378911273  0.2431158256  0.2417488213  73.000000000  0.0249532594  0.0246608373  2.1075297130  1.5744001534  2628          0.1190403965 
0.2366052293  0.2419372120  0.2400342906  74.000000000  0.0256780394  0.0259094147  2.0994364950  1.7552571330  2664          0.1184361709 
0.2340334333  0.2448301725  0.2447492499  75.000000000  0.0304883031  0.0323431061  2.1009450356  1.6180812385  2700          0.1189135445 
0.2383197600  0.2394728383  0.2396056580  76.000000000  0.0314228800  0.0287687025  2.0858179861  1.5335596320  2736          0.1191457311 
0.2464637805  0.2543662274  0.2533219031  77.000000000  0.0288068545  0.0281442222  2.0907372203  1.5656940076  2772          0.1187082397 
0.2481783112  0.2545805207  0.2490355765  78.000000000  0.0199012193  0.0244455586  2.0992628733  1.6181892355  2808          0.1186450190 
0.2447492499  0.2566163077  0.2554650664  79.000000000  0.0273053083  0.0262690923  2.0840281977  1.8267556661  2844          0.1191274259 
0.2443206172  0.2581163613  0.2588941277  80.000000000  0.0262215394  0.0237499558  2.0879980657  1.4818164921  2880          0.1189806859 
0.2413201886  0.2494374799  0.2447492499  81.000000000  0.0239432338  0.0310960445  2.0814328028  1.4672317886  2916          0.1189646390 
0.2503214745  0.2545805207  0.2588941277  82.000000000  0.0262245072  0.0296338565  2.0697988437  1.9813621938  2952          0.1189939843 
0.2507501072  0.2590806815  0.2477496785  83.000000000  0.0281689953  0.0294519837  2.0795638098  1.8647010542  2988          0.1193870107 
0.2456065152  0.2603664417  0.2558936991  84.000000000  0.0274211011  0.0277191020  2.0759884152  1.5621159209  3024          0.1189234853 
0.2486069438  0.2559734276  0.2588941277  85.000000000  0.0226472227  0.0243795084  2.0661420027  1.4693545633  3060          0.1187957128 
0.2417488213  0.2542590807  0.2498928418  86.000000000  0.0255071604  0.0238546820  2.0746366680  1.6112913622  3096          0.1193716791 
0.2486069438  0.2565091610  0.2481783112  87.000000000  0.0217274278  0.0249673534  2.0517055492  1.4766670962  3132          0.1189451880 
0.2438919846  0.2511518269  0.2516073725  88.000000000  0.0276919496  0.0280390920  2.0543794433  1.5092037419  3168          0.1189556983 
0.2460351479  0.2557591343  0.2550364338  89.000000000  0.0251995557  0.0261162652  2.0400804745  1.4503849894  3204          0.1191635463 
0.2571795971  0.2643308690  0.2644663523  90.000000000  0.0307287996  0.0343607573  2.0542285873  2.0616930856  3240          0.1190919942 
0.2451778826  0.2525447337  0.2486069438  91.000000000  0.0252922086  0.0277353202  2.0512248543  2.0830671953  3276          0.1192972793 
0.2490355765  0.2599378549  0.2618945564  92.000000000  0.0261158554  0.0261673207  2.0496376952  1.5048972385  3312          0.1191395720 
0.2477496785  0.2640094289  0.2631804544  93.000000000  0.0220005189  0.0272477551  2.0525253448  1.3343333436  3348          0.1190710333 
0.2430347192  0.2598307082  0.2653236177  94.000000000  0.0278607855  0.0316128565  2.0329525868  1.7685143186  3384          0.1193882161 
0.2541791685  0.2667952427  0.2576082297  95.000000000  0.0264996555  0.0311983360  2.0409711997  1.3463909394  3420          0.1191579501 
0.2486069438  0.2590806815  0.2554650664  96.000000000  0.0271005705  0.0312616643  2.0208840006  1.6382359316  3456          0.1188809342 
0.2610372910  0.2725811636  0.2678954136  97.000000000  0.0255489051  0.0249555955  2.0428819656  1.8218223353  3492          0.1186406811 
0.2627518217  0.2643308690  0.2567509644  98.000000000  0.0246894004  0.0290019653  2.0239580572  1.7149180671  3528          0.1207004057 
0.2554650664  0.2703310833  0.2683240463  99.000000000  0.0271519505  0.0270528711  2.0219871501  1.8158299526  3564          0.1185162200 
0.2674667810  0.2717239901  0.2640377197  99.972222222  0.0272464267  0.0240868015  2.0317035369  1.8840338860  3599          0.1187353952 
