Environment:
	Python: 3.8.10
	PyTorch: 1.10.0+cu113
	Torchvision: 0.11.1+cu113
	CUDA: 11.3
	CUDNN: 8200
	NumPy: 1.21.4
	PIL: 8.4.0
Args:
	algorithm: KL_GP
	checkpoint_freq: None
	data_dir: /root/data
	dataset: RotatedMNIST
	epochs: None
	holdout_fraction: 0.2
	hparams: None
	hparams_seed: 2
	output_dir: ./results_sweep_kl_gp_1/68086a724281d55b6458c9e59b9eda5b
	save_model_every_checkpoint: False
	seed: 1519037588
	skip_model_save: False
	steps: None
	task: domain_adaptation
	test_envs: [2]
	train_envs: [0]
	trial_seed: 2
	uda_holdout_fraction: 0
HParams:
	augment_softmax: 0.05
	batch_size: 128
	class_balanced: False
	data_augmentation: True
	grad_penalty: 0.013809769708848979
	kl_reg: 0.026189701946674887
	kl_reg_aux: 0.1858588733925928
	lr: 0.00013416901146173725
	nonlinear_classifier: False
	num_samples: 20
	resnet18: True
	resnet_dropout: 0.0
	specify_zdim: True
	weight_decay: 0.0
	z_dim: 512
cuda
/root/miniconda3/lib/python3.8/site-packages/torchvision/transforms/functional.py:984: UserWarning: Argument resample is deprecated and will be removed since v0.10.0. Please, use interpolation instead
  warnings.warn(
env0_out_acc  env2_in_acc   env2_out_acc  epoch         kl            kl_aux        loss          penalty       step          step_time    
0.1028718388  0.1162416970  0.1170167167  0.0000000000  0.8906440735  1.0902359486  2.3502707481  27.969476699  0             0.1969990730 
0.2100300043  0.2071994858  0.1843120446  1.0000000000  0.1243775250  0.1286470367  2.2774392089  2.6873793553  73            0.1157719697 
0.2824689241  0.2533747589  0.2451778826  2.0000000000  0.1591517174  0.1641105528  2.1288751723  2.4718397970  146           0.1156342258 
0.3364766395  0.3232269124  0.3056150879  3.0000000000  0.1697620235  0.1840163910  2.0465905487  2.8368449358  219           0.1156801818 
0.3741963138  0.3311549175  0.3154736391  4.0000000000  0.1757095905  0.1839425629  2.0019871552  3.1118159980  292           0.1156177619 
0.3471924561  0.3310477823  0.3163309044  5.0000000000  0.1815426644  0.1987393098  1.9621505819  3.1469312318  365           0.1161593019 
0.4667809687  0.3960788515  0.4016288041  6.0000000000  0.2289284157  0.2233641180  1.9193296220  3.0551055702  438           0.1153017168 
0.4273467638  0.3754017570  0.3609087012  7.0000000000  0.2349942024  0.2299347838  1.8970045978  3.0543729834  511           0.1154398951 
0.4762108873  0.4030426398  0.3943420489  8.0000000000  0.3054364544  0.2763681542  1.8549577569  2.7975913776  584           0.1212781357 
0.4894984998  0.4158988644  0.4123446207  9.0000000000  0.2590836172  0.2750940225  1.8415838349  2.9404676548  657           0.1158021607 
0.4526360909  0.3887936576  0.3831975997  10.000000000  0.2948611109  0.3032726654  1.8106452031  3.1900424925  730           0.1156095479 
0.5679382769  0.4775016070  0.4744963566  11.000000000  0.3365121835  0.3382620256  1.7914575273  3.3612731793  803           0.1160554559 
0.6442348907  0.5166059567  0.5126446635  12.000000000  0.3774782958  0.3850865201  1.7550623286  3.0829782715  876           0.1160759730 
0.6249464209  0.4891793443  0.4963566224  13.000000000  0.4355331120  0.4342106009  1.7083415071  3.1114902676  949           0.1163385600 
0.6879554222  0.5511034926  0.5490784398  14.000000000  0.4625215759  0.4943522427  1.6503222854  3.1999609242  1022          0.1160832268 
0.7068152593  0.5500321406  0.5717959709  15.000000000  0.5144698881  0.5281179833  1.6064398779  3.3117122715  1095          0.1161342451 
0.6995285041  0.5875294622  0.5906558080  16.000000000  0.5484496861  0.5495368977  1.5532151657  3.9743576491  1168          0.1159077344 
0.7608229747  0.5886008142  0.6065152165  17.000000000  0.6279590522  0.6265130304  1.5093582950  3.4786376496  1241          0.1156674183 
0.7916845264  0.6016713092  0.6163737677  18.000000000  0.6339062207  0.6496888317  1.4606416519  3.7781404338  1314          0.1153097741 
0.7603943420  0.6292050568  0.6510930133  19.000000000  0.6448947632  0.6745669058  1.3969733209  3.5235766450  1387          0.1158023828 
0.7882554651  0.5758517249  0.5777968281  20.000000000  0.6520288774  0.6899986071  1.3685152106  4.3465814558  1460          0.1161025812 
0.8199742820  0.6630597814  0.6819545649  21.000000000  0.6758934112  0.6834805567  1.3278610314  3.7312963074  1533          0.1158919400 
0.8319759966  0.6653096207  0.6746678097  22.000000000  0.7036649103  0.7250471801  1.2800339526  3.3885656056  1606          0.1160952130 
0.8568366910  0.6964859653  0.7149592799  23.000000000  0.7363345525  0.7121253928  1.2518170778  3.9453043121  1679          0.1157921602 
0.8808401200  0.6853439040  0.7128161166  24.000000000  0.7318900383  0.7150818093  1.2180893535  4.1363698456  1752          0.1161393793 
0.8525503643  0.7124491108  0.7256750964  25.000000000  0.7416246917  0.7215444813  1.1889148608  3.5496410180  1825          0.1151195618 
0.8872696099  0.7465181058  0.7586798114  26.000000000  0.7069392531  0.7208791302  1.1731857339  4.1349444161  1898          0.1160069230 
0.9069867124  0.7364473966  0.7642520360  27.000000000  0.7431781553  0.7040927410  1.1510523884  3.7399129084  1971          0.1161342810 
0.8966995285  0.7753374759  0.7912558937  28.000000000  0.7478574629  0.7233279764  1.1110157232  3.7936631327  2044          0.1157113755 
0.9057008144  0.7583029784  0.7736819546  29.000000000  0.6970804489  0.7048845650  1.1005353805  3.8901900445  2117          0.1156448012 
0.9155593656  0.7647310906  0.7745392199  30.000000000  0.7244767359  0.6738039173  1.0822915941  3.6302449311  2190          0.1159296656 
0.9215602229  0.7634454682  0.7843977711  31.000000000  0.7367907550  0.7279120602  1.0643328959  3.8726316152  2263          0.1158017786 
0.9228461209  0.7806942361  0.7968281183  32.000000000  0.7314014565  0.6926833897  1.0528348170  3.7516182645  2336          0.1157926501 
0.9258465495  0.8084422541  0.8191170167  33.000000000  0.7303365420  0.7083258498  1.0386318965  4.0242287541  2409          0.1163052663 
0.9314187741  0.8062995500  0.8276896700  34.000000000  0.7312746048  0.7015218147  1.0073642608  3.0978385978  2482          0.1158279817 
0.9314187741  0.7980501393  0.8045435062  35.000000000  0.7187082865  0.6795814135  1.0043574302  3.3974084168  2555          0.1159407243 
0.9335619374  0.8186200986  0.8302614659  36.000000000  0.7247048535  0.6889364295  0.9900911042  3.5359999382  2628          0.1156741756 
0.9361337334  0.8379044354  0.8491213030  37.000000000  0.7179495668  0.6984712261  0.9705317723  3.1001428023  2701          0.1157690205 
0.9322760394  0.8341547032  0.8448349764  38.000000000  0.7120747697  0.6836836828  0.9688614697  3.6801367721  2774          0.1158815573 
0.9382768967  0.8414398972  0.8534076297  39.000000000  0.6997088145  0.6681442261  0.9630847679  3.3350352261  2847          0.1158744799 
0.9412773253  0.8473323334  0.8641234462  40.000000000  0.6804051595  0.6562120947  0.9444527512  3.4049053388  2920          0.1162483823 
0.9374196314  0.8439040069  0.8576939563  41.000000000  0.7012250129  0.6733632872  0.9358164399  3.0623527471  2993          0.1160256405 
0.9489927132  0.8560102850  0.8671238748  42.000000000  0.7018180612  0.6630001787  0.9252784244  3.2019133633  3066          0.1157070578 
0.9455636520  0.8552603385  0.8585512216  43.000000000  0.6962580093  0.6394464022  0.9102240597  3.2992218227  3139          0.1158296866 
0.9485640806  0.8482965502  0.8546935276  44.000000000  0.7045995569  0.6547803748  0.9124489721  3.2510143665  3212          0.1156850220 
0.9468495499  0.8537604457  0.8658379769  45.000000000  0.7095552013  0.6566385896  0.9046461166  3.5231610439  3285          0.1156179578 
0.9425632233  0.8555817442  0.8696956708  46.000000000  0.7181940209  0.6451122010  0.8972451720  3.6446594212  3358          0.1162291030 
0.9434204886  0.8645811013  0.8748392628  47.000000000  0.6689084654  0.6255710484  0.8848122097  3.1246170181  3431          0.1155471573 
0.9524217745  0.8797943004  0.8851264466  48.000000000  0.6527043434  0.6139991773  0.8858597662  3.1919647994  3504          0.1157816240 
0.9511358766  0.8820441397  0.8885555079  49.000000000  0.6472018451  0.6061178821  0.8840103941  3.1817826261  3577          0.1160769299 
0.9511358766  0.8898650096  0.8979854265  50.000000000  0.6596588697  0.6442440634  0.8634804234  2.8052504193  3650          0.1158815737 
0.9507072439  0.8764731091  0.8876982426  51.000000000  0.6588072320  0.6095305142  0.8587891688  3.1726117657  3723          0.1157661791 
0.9584226318  0.8884722520  0.8936990999  52.000000000  0.6494245203  0.6186964675  0.8491027012  2.7914739341  3796          0.1159685442 
0.9519931419  0.8785086780  0.8902700386  53.000000000  0.6622106996  0.6286693403  0.8547802347  3.0480816070  3869          0.1162942860 
0.9588512645  0.8898650096  0.8932704672  54.000000000  0.6517375397  0.6120257900  0.8505554754  3.0599170417  3942          0.1163608375 
0.9575653665  0.8983286908  0.9069867124  55.000000000  0.6730933255  0.6152400774  0.8412341859  3.0389403676  4015          0.1161300254 
0.9571367338  0.8870794943  0.8936990999  56.000000000  0.6566431816  0.5960091108  0.8451963647  3.0387076891  4088          0.1159960636 
0.9597085298  0.8935076066  0.9035576511  57.000000000  0.6391828027  0.6221903448  0.8348555385  3.0783442798  4161          0.1161877390 
0.9549935705  0.8960788515  0.9001285898  58.000000000  0.6448116890  0.6097499965  0.8273327383  2.8862968226  4234          0.1162876495 
0.9635662237  0.9019712878  0.9104157737  59.000000000  0.6282945006  0.6081690854  0.8232823667  2.7680584486  4307          0.1156843231 
0.9592798971  0.8932933362  0.9014144878  60.000000000  0.6210988842  0.5957661328  0.8244109880  3.1223403019  4380          0.1158814430 
0.9609944278  0.9051853439  0.9099871410  61.000000000  0.6302088058  0.5729026533  0.8207988404  2.9252735540  4453          0.1158005407 
0.9627089584  0.9036854510  0.9108444063  62.000000000  0.6100978786  0.5897561818  0.8195533899  2.7555066494  4526          0.1159816768 
0.9665666524  0.9030426398  0.9087012430  63.000000000  0.6326857201  0.5938241253  0.8160659197  2.9082721488  4599          0.1160088369 
0.9644234891  0.9066852368  0.9147021003  64.000000000  0.6037068694  0.5778501850  0.8057217827  2.5141838430  4672          0.1210802059 
0.9622803258  0.9043282623  0.9168452636  65.000000000  0.6064871762  0.5643995037  0.8002360398  2.3742860098  4745          0.1157807095 
0.9665666524  0.9053996143  0.9125589370  66.000000000  0.6057550352  0.5660552848  0.7947117866  2.6090001309  4818          0.1155248407 
0.9661380197  0.9094707521  0.9125589370  67.000000000  0.6087179641  0.5643805020  0.7969578545  2.8240678849  4891          0.1154083324 
0.9665666524  0.9127919434  0.9172738963  68.000000000  0.6027959406  0.5855330049  0.7995266612  2.6271705676  4964          0.1159468122 
0.9657093871  0.9119348618  0.9168452636  69.000000000  0.6199261195  0.5735119532  0.7980865134  2.9021483039  5037          0.1157348515 
0.9648521217  0.9124705378  0.9232747535  70.000000000  0.5912927601  0.5673752680  0.7860178686  2.6064174437  5110          0.1162065284 
0.9665666524  0.9128990786  0.9151307330  71.000000000  0.6057531148  0.5597213523  0.7858582670  2.6506247635  5183          0.1162241616 
0.9695670810  0.9121491322  0.9237033862  72.000000000  0.5827360023  0.5369887221  0.7871890868  2.4754765279  5256          0.1158147315 
0.9665666524  0.9198628669  0.9318474068  73.000000000  0.5990540426  0.5458093408  0.7775729829  2.6821697542  5329          0.1154314296 
0.9674239177  0.9105421041  0.9104157737  74.000000000  0.6127941902  0.5515156837  0.7818793189  2.9059176249  5402          0.1154872130 
0.9691384483  0.9202914078  0.9249892842  75.000000000  0.5852488818  0.5314529824  0.7769626681  2.3662939545  5475          0.1160727658 
0.9695670810  0.9208270838  0.9249892842  76.000000000  0.5819476206  0.5371636822  0.7728017789  2.3059487882  5548          0.1160554821 
0.9665666524  0.9177201628  0.9267038148  77.000000000  0.5675320495  0.5469117426  0.7688454659  2.5353785459  5621          0.1157110913 
0.9695670810  0.9197557317  0.9254179168  78.000000000  0.5712529535  0.5392853920  0.7635327373  2.2500639680  5694          0.1157598365 
0.9721388770  0.9202914078  0.9292756108  79.000000000  0.5758079568  0.5283225791  0.7681997100  2.4821193969  5767          0.1158201858 
0.9704243463  0.9193271909  0.9194170596  80.000000000  0.5782661634  0.5277083018  0.7681212229  2.3053506123  5840          0.1198974962 
0.9687098157  0.9222198414  0.9254179168  81.000000000  0.5647167702  0.5331193127  0.7669042063  2.4759683103  5913          0.1158645610 
0.9717102443  0.9231840583  0.9348478354  82.000000000  0.5494529188  0.5217895247  0.7559825133  2.4705709938  5986          0.1156803092 
0.9759965709  0.9272551961  0.9335619374  83.000000000  0.5890068289  0.5264583679  0.7545391109  2.3535818629  6059          0.1160918033 
0.9704243463  0.9275766017  0.9331333048  84.000000000  0.5481778171  0.5030590018  0.7552360443  2.3585864730  6132          0.1157448553 
0.9729961423  0.9280051425  0.9288469781  85.000000000  0.5578320843  0.5050755200  0.7525630536  2.3143590852  6205          0.1157663424 
0.9742820403  0.9286479537  0.9348478354  86.000000000  0.5457950683  0.5079272479  0.7592832071  2.5035647317  6278          0.1158842942 
0.9725675096  0.9239340047  0.9352764681  87.000000000  0.5442833051  0.5122333814  0.7580075239  2.2121140271  6351          0.1160409646 
0.9729961423  0.9310049282  0.9382768967  88.000000000  0.5636239901  0.5068468721  0.7450965872  2.1259921561  6424          0.1155814667 
0.9708529790  0.9229697879  0.9288469781  89.000000000  0.5287696433  0.4725688908  0.7505462733  2.2291237247  6497          0.1156882097 
0.9747106730  0.9293979001  0.9327046721  90.000000000  0.5545788399  0.5014855894  0.7472494906  2.1829229708  6570          0.1220442661 
0.9691384483  0.9220055710  0.9262751822  91.000000000  0.5580165419  0.5145827058  0.7475121887  2.1684254571  6643          0.1156852899 
0.9729961423  0.9266123848  0.9331333048  92.000000000  0.5374852664  0.4951847220  0.7419332258  2.1593885601  6716          0.1156521170 
0.9725675096  0.9288622241  0.9322760394  93.000000000  0.5500352415  0.4912414551  0.7485281098  2.3431841331  6789          0.1157049316 
0.9781397342  0.9265052496  0.9327046721  94.000000000  0.5499538591  0.5003634544  0.7400443521  2.0881494757  6862          0.1153969112 
0.9708529790  0.9360402828  0.9447063866  95.000000000  0.5374856714  0.5027305263  0.7366742712  2.0572190938  6935          0.1153624809 
0.9738534076  0.9327190915  0.9365623661  96.000000000  0.5365713851  0.4804143252  0.7456418586  2.2112008170  7008          0.1156903914 
0.9759965709  0.9319691451  0.9408486927  97.000000000  0.5491142142  0.5104125101  0.7359150117  2.2158209183  7081          0.1159578611 
0.9755679383  0.9313263338  0.9357051007  98.000000000  0.5501726621  0.4893223227  0.7313518916  2.1396726305  7154          0.1156969103 
0.9729961423  0.9302549818  0.9339905701  99.000000000  0.5270220482  0.4948766525  0.7299090224  2.1552212679  7227          0.1153933381 
0.9764252036  0.9325048211  0.9395627947  99.986301369  0.5206258297  0.4824836983  0.7331627558  2.0006522884  7299          0.1153142651 
