Environment:
	Python: 3.8.10
	PyTorch: 1.10.0+cu113
	Torchvision: 0.11.1+cu113
	CUDA: 11.3
	CUDNN: 8200
	NumPy: 1.21.4
	PIL: 8.4.0
Args:
	algorithm: KL_GP
	checkpoint_freq: None
	data_dir: /root/data
	dataset: RotatedMNIST
	epochs: None
	holdout_fraction: 0.2
	hparams: None
	hparams_seed: 13
	output_dir: ./results_sweep_kl_gp_1/85234936e4efe3c97ac74d881dd9459c
	save_model_every_checkpoint: False
	seed: 763216508
	skip_model_save: False
	steps: None
	task: domain_adaptation
	test_envs: [1]
	train_envs: [0]
	trial_seed: 1
	uda_holdout_fraction: 0
HParams:
	augment_softmax: 0.05
	batch_size: 256
	class_balanced: False
	data_augmentation: True
	grad_penalty: 0.0887051872577339
	kl_reg: 0.3760096850748162
	kl_reg_aux: 0.41544091877943506
	lr: 0.003089137859429013
	nonlinear_classifier: False
	num_samples: 20
	resnet18: True
	resnet_dropout: 0.5
	specify_zdim: True
	weight_decay: 0.0
	z_dim: 16
cuda
/root/miniconda3/lib/python3.8/site-packages/torchvision/transforms/functional.py:984: UserWarning: Argument resample is deprecated and will be removed since v0.10.0. Please, use interpolation instead
  warnings.warn(
env0_out_acc  env1_in_acc   env1_out_acc  epoch         kl            kl_aux        loss          penalty       step          step_time    
0.1093013288  0.0983501178  0.0981568796  0.0000000000  0.0079184882  0.0005329289  2.3379623890  1.5994873047  0             0.1939980984 
0.1028718388  0.1193486180  0.1037291042  1.0000000000  0.0006805201  0.0008112496  2.3339871764  0.1127164990  36            0.0773624447 
0.1380197171  0.1379901436  0.1333047578  2.0000000000  0.0023911241  0.0027066169  2.2967621552  0.0237046580  72            0.0773276554 
0.2224603515  0.2180201414  0.2100300043  3.0000000000  0.0050202448  0.0065332028  2.2498029537  0.0899353965  108           0.0766444140 
0.2186026575  0.2148060853  0.2087441063  4.0000000000  0.0119564537  0.0120780450  2.1722601453  0.0941909918  144           0.0770250758 
0.2443206172  0.2574458967  0.2576082297  5.0000000000  0.0228914823  0.0218993020  2.0848585731  0.1509325594  180           0.0770568848 
0.2734676382  0.2751232055  0.2601800257  6.0000000000  0.0181847800  0.0182809771  2.0232059492  0.1272392078  216           0.0769885182 
0.1885983712  0.1950932076  0.1795970853  7.0000000000  0.0285422604  0.0312577138  1.9898020691  0.2340225911  252           0.0779774917 
0.2756108015  0.2566959503  0.2666095156  8.0000000000  0.0234767112  0.0260352384  1.9927927388  0.1563384695  288           0.0766804086 
0.2987569653  0.2932290551  0.2914702100  9.0000000000  0.0290190296  0.0332790044  1.9478413728  0.1229307782  324           0.0770439969 
0.2893270467  0.2907649454  0.2816116588  10.000000000  0.0261699770  0.0250541121  1.9461033079  0.2423886395  360           0.0766606463 
0.3321903129  0.3237625884  0.3214744964  11.000000000  0.0240965187  0.0273148475  1.9136839807  0.1063308384  396           0.0772658587 
0.3429061294  0.3339404328  0.3201885984  12.000000000  0.0333247081  0.0291233306  1.8809033930  0.1623782601  432           0.0764051477 
0.3960565795  0.3862224127  0.3819117017  13.000000000  0.0284998344  0.0290668014  1.8541407718  0.1498289001  468           0.0764795144 
0.3819117017  0.3757231626  0.3677668238  14.000000000  0.0345393432  0.0359570865  1.8266009755  0.1600471645  504           0.0775797632 
0.4899271324  0.4720377116  0.4766395199  15.000000000  0.0466093667  0.0414175845  1.7721969684  0.2078853850  540           0.0769643519 
0.4946420917  0.4643239769  0.4539219889  16.000000000  0.0605158749  0.0588138040  1.7174066636  0.1770995505  576           0.0772298707 
0.5683669096  0.5443539747  0.5495070724  17.000000000  0.0585821462  0.0609769900  1.6774651541  0.3266260815  612           0.0774051282 
0.6618088298  0.6322048425  0.6343763395  18.000000000  0.0683513932  0.0714995180  1.5424404409  0.2832982482  648           0.0776403215 
0.7106729533  0.6720591386  0.6635233605  19.000000000  0.0990315182  0.0982609693  1.4249704215  0.3065026618  684           0.0779759089 
0.7269609944  0.6937004500  0.6892413202  20.000000000  0.1082179603  0.1019935905  1.3638421761  0.3697454847  720           0.0779341194 
0.7539648521  0.7426612385  0.7423917703  21.000000000  0.1137021789  0.1048968311  1.2857186463  0.4388870299  756           0.0767480665 
0.7946849550  0.7532676237  0.7488212602  22.000000000  0.1114352396  0.1086022524  1.2383496066  0.3597750341  792           0.0762991773 
0.8444063438  0.7968716520  0.7839691384  23.000000000  0.1212343997  0.1154181264  1.1623003350  0.3522081181  828           0.0779038734 
0.8495499357  0.7991214913  0.7929704243  24.000000000  0.1317428157  0.1267078690  1.1369404925  0.4824069889  864           0.0773245295 
0.8992713245  0.8701521320  0.8688384055  25.000000000  0.1331375115  0.1281992015  1.0753693564  0.3080070584  900           0.0768765079 
0.8662666095  0.8479751446  0.8486926704  26.000000000  0.1313207766  0.1331253623  1.0186682559  0.3289626876  936           0.0763900611 
0.9069867124  0.8441182773  0.8452636091  27.000000000  0.1441978605  0.1425071708  0.9968832682  0.3519796526  972           0.0766720374 
0.9074153450  0.8668309406  0.8675525075  28.000000000  0.1435537932  0.1461424343  0.9717385537  0.3662534977  1008          0.0767508414 
0.9279897128  0.9062566960  0.9022717531  29.000000000  0.1422530901  0.1358395386  0.9478585919  0.3075933545  1044          0.0770205326 
0.9382768967  0.9095778873  0.9061294471  30.000000000  0.1471966586  0.1364969845  0.9129449179  0.2925720178  1080          0.0768546330 
0.9339905701  0.9034711806  0.8996999571  31.000000000  0.1518648697  0.1458183030  0.8858958334  0.2705684880  1116          0.0773722728 
0.9198456922  0.9020784230  0.8919845692  32.000000000  0.1397246841  0.1473041417  0.8661292742  0.3057005956  1152          0.0770643751 
0.9399914273  0.9118277266  0.9138448350  33.000000000  0.1441709265  0.1344008640  0.8639616503  0.2716081536  1188          0.0774147842 
0.9369909987  0.9151489179  0.9202743249  34.000000000  0.1446672357  0.1375250614  0.8436525845  0.3040277602  1224          0.0775213043 
0.9455636520  0.9359331476  0.9314187741  35.000000000  0.1489212981  0.1346426799  0.8255396485  0.2510504497  1260          0.0768395199 
0.9579939991  0.9336833083  0.9318474068  36.000000000  0.1408605801  0.1435536459  0.8159467429  0.1863859836  1296          0.0768505335 
0.9494213459  0.9307906578  0.9297042435  37.000000000  0.1522995469  0.1412526156  0.8053681685  0.2281192034  1332          0.0773079462 
0.9541363052  0.9361474180  0.9348478354  38.000000000  0.1382213771  0.1324095956  0.7965539992  0.2245302353  1368          0.0773316158 
0.9562794685  0.9343261196  0.9365623661  39.000000000  0.1358423825  0.1321098695  0.7895087633  0.2319764464  1404          0.0772382683 
0.9575653665  0.9412899079  0.9455636520  40.000000000  0.1371192661  0.1291328695  0.7806381070  0.2096576987  1440          0.0767531726 
0.9549935705  0.9337904435  0.9309901414  41.000000000  0.1391827804  0.1416159163  0.7893250701  0.2923396335  1476          0.0772279700 
0.9639948564  0.9409685022  0.9429918560  42.000000000  0.1407243144  0.1320959574  0.7885379990  0.2498233380  1512          0.0771251387 
0.9601371625  0.9464323977  0.9417059580  43.000000000  0.1401603133  0.1203815900  0.7722633266  0.1942707787  1548          0.0768455995 
0.9622803258  0.9448253696  0.9408486927  44.000000000  0.1384432289  0.1363871379  0.7573512097  0.2025328192  1584          0.0773348543 
0.9592798971  0.9511463467  0.9464209173  45.000000000  0.1452796467  0.1304617961  0.7633919418  0.2231163229  1620          0.0773772597 
0.9708529790  0.9561817013  0.9567081012  46.000000000  0.1217962230  0.1191647638  0.7457697060  0.1589448928  1656          0.0766287645 
0.9691384483  0.9500749946  0.9511358766  47.000000000  0.1399101108  0.1234965622  0.7540182836  0.2228677494  1692          0.0770772762 
0.9682811830  0.9528605100  0.9451350193  48.000000000  0.1251376414  0.1219853759  0.7403750983  0.1622525915  1728          0.0768503348 
0.9669952850  0.9506106707  0.9524217745  49.000000000  0.1277890874  0.1181622003  0.7385301408  0.1675809891  1764          0.0765922599 
0.9682811830  0.9511463467  0.9524217745  50.000000000  0.1332390209  0.1242291865  0.7445839942  0.1952061250  1800          0.0770475136 
0.9704243463  0.9518962931  0.9498499786  51.000000000  0.1410833504  0.1293456025  0.7438795815  0.2232932322  1836          0.0763697558 
0.9665666524  0.9545746732  0.9545649378  52.000000000  0.1153933367  0.1180487552  0.7323220256  0.1497037384  1872          0.0775110258 
0.9691384483  0.9547889436  0.9584226318  53.000000000  0.1254825118  0.1183604859  0.7325307810  0.1848470920  1908          0.0769213835 
0.9691384483  0.9540389972  0.9532790399  54.000000000  0.1307373765  0.1182207999  0.7176521338  0.1597799226  1944          0.0764740772 
0.8589798543  0.8322262696  0.8324046292  55.000000000  0.1146234949  0.1184377486  0.8786930492  0.3397476768  1980          0.0767540269 
0.8598371196  0.8422969788  0.8491213030  56.000000000  0.1279249849  0.1241618689  1.0415889041  0.2961082954  2016          0.0767089791 
0.9695670810  0.9530747804  0.9537076725  57.000000000  0.1520833336  0.1360729494  0.8503560192  0.2682978848  2052          0.0773451858 
0.9717102443  0.9601457039  0.9584226318  58.000000000  0.1333599051  0.1236123534  0.7381405350  0.1477465969  2088          0.0774120688 
0.9725675096  0.9603599743  0.9579939991  59.000000000  0.1373274744  0.1263562466  0.7213661025  0.1067721303  2124          0.0777491397 
0.9687098157  0.9586458110  0.9545649378  60.000000000  0.1217768507  0.1132187349  0.7208489312  0.1613700479  2160          0.0767828292 
0.9721388770  0.9577887294  0.9524217745  61.000000000  0.1250926078  0.1091567100  0.7184328271  0.1507420300  2196          0.0766591363 
0.9742820403  0.9601457039  0.9618516931  62.000000000  0.1254322341  0.1120976162  0.7176769492  0.1500440557  2232          0.0771178404 
0.9764252036  0.9645382473  0.9657093871  63.000000000  0.1260618834  0.1313216231  0.7133311563  0.1798276135  2268          0.0770924489 
0.9764252036  0.9627169488  0.9627089584  64.000000000  0.1195700541  0.1113768493  0.7120083604  0.1438217801  2304          0.0764393343 
0.9712816117  0.9592886222  0.9584226318  65.000000000  0.1168702576  0.1137774055  0.7059150669  0.1480148526  2340          0.0765122573 
0.9764252036  0.9640025712  0.9639948564  66.000000000  0.1147354032  0.1136614134  0.7076080508  0.1461260327  2376          0.0766238901 
0.9747106730  0.9664666810  0.9648521217  67.000000000  0.1125295998  0.1013106724  0.6979950170  0.1534486699  2412          0.0768860910 
0.9639948564  0.9525391043  0.9532790399  68.000000000  0.1169347807  0.1125173163  0.6994557910  0.1619658814  2448          0.0768963562 
0.9652807544  0.9584315406  0.9549935705  69.000000000  0.1178313229  0.1116988019  0.7121115741  0.1660205378  2484          0.0767325163 
0.9644234891  0.9593957574  0.9549935705  70.000000000  0.1141064422  0.1083499855  0.6991851115  0.1447654719  2520          0.0761389997 
0.9725675096  0.9656095993  0.9661380197  71.000000000  0.1178328968  0.1148460311  0.6995626340  0.1516260571  2556          0.0764959719 
0.9742820403  0.9663595457  0.9631375911  72.000000000  0.1127775763  0.1125092047  0.6942287717  0.1165754330  2592          0.0769288143 
0.9777111016  0.9673237626  0.9627089584  73.000000000  0.1145250373  0.1068212413  0.6953359478  0.1232611198  2628          0.0762395594 
0.9768538363  0.9667880866  0.9639948564  74.000000000  0.1138310478  0.1019419036  0.6951647136  0.1432361207  2664          0.0765527950 
0.9789969996  0.9663595457  0.9657093871  75.000000000  0.1109907110  0.1024158574  0.6839217361  0.1347269281  2700          0.0766999324 
0.9807115302  0.9709663595  0.9665666524  76.000000000  0.1053602896  0.1021817153  0.6866250353  0.1159908040  2736          0.0767175489 
0.9772824689  0.9673237626  0.9622803258  77.000000000  0.1072369365  0.1013502261  0.6853912522  0.1228516082  2772          0.0766155455 
0.9789969996  0.9653953289  0.9627089584  78.000000000  0.1128047723  0.1000065477  0.6868057069  0.1369253513  2808          0.0764382349 
0.9721388770  0.9644311121  0.9588512645  79.000000000  0.1166555246  0.1069299049  0.6751441260  0.1217394438  2844          0.0770763689 
0.9785683669  0.9661452753  0.9635662237  80.000000000  0.1114799742  0.1019741359  0.6885208521  0.1284124888  2880          0.0769686103 
0.9734247750  0.9651810585  0.9665666524  81.000000000  0.1082964506  0.1036535888  0.6784564720  0.1219970026  2916          0.0760864086 
0.9789969996  0.9695736019  0.9674239177  82.000000000  0.1195755622  0.0964635520  0.6778160185  0.1057915414  2952          0.0762192077 
0.9789969996  0.9703235483  0.9631375911  83.000000000  0.1062868258  0.0996428958  0.6751265840  0.1397911310  2988          0.0761834913 
0.9759965709  0.9719305764  0.9699957137  84.000000000  0.1037369977  0.0901644950  0.6766932127  0.1088016048  3024          0.0767861538 
0.9781397342  0.9742875509  0.9721388770  85.000000000  0.1051162970  0.0924454182  0.6733462794  0.1270829231  3060          0.0765018331 
0.9832833262  0.9702164131  0.9682811830  86.000000000  0.1072172618  0.1047903308  0.6768204619  0.1491340564  3096          0.0767238339 
0.9768538363  0.9705378187  0.9669952850  87.000000000  0.1029618020  0.0945618204  0.6671482027  0.1043779988  3132          0.0767730806 
0.9785683669  0.9720377116  0.9674239177  88.000000000  0.1075932953  0.0993820195  0.6693922364  0.1107250508  3168          0.0767389602 
0.9807115302  0.9715020356  0.9695670810  89.000000000  0.1105427020  0.0939730693  0.6636769308  0.1057735414  3204          0.0762841238 
0.9802828976  0.9717163060  0.9695670810  90.000000000  0.1027355380  0.0965061941  0.6696029024  0.1122615187  3240          0.0764799383 
0.9789969996  0.9685022498  0.9652807544  91.000000000  0.1120164148  0.1031361789  0.6745209313  0.1231646193  3276          0.0763220323 
0.9789969996  0.9731090636  0.9669952850  92.000000000  0.1012280337  0.0890772535  0.6746291187  0.1321553014  3312          0.0766475068 
0.9794256322  0.9697878723  0.9717102443  93.000000000  0.1067274217  0.0935100131  0.6683437659  0.0934284262  3348          0.0761312180 
0.9802828976  0.9715020356  0.9648521217  94.000000000  0.0965145700  0.0954846036  0.6615273654  0.0989059024  3384          0.0772999128 
0.9768538363  0.9687165202  0.9622803258  95.000000000  0.1060773035  0.0970390501  0.6610524853  0.0985586374  3420          0.0767608815 
0.9807115302  0.9737518749  0.9729961423  96.000000000  0.0928355766  0.0965202639  0.6650692456  0.0990901730  3456          0.0762329830 
0.9819974282  0.9745018213  0.9665666524  97.000000000  0.0915778888  0.0894581063  0.6684165150  0.1179334207  3492          0.0763865246 
0.9815687955  0.9695736019  0.9674239177  98.000000000  0.0921587836  0.0858890224  0.6549661739  0.0993433295  3528          0.0764711433 
0.9819974282  0.9756803085  0.9717102443  99.000000000  0.1003556189  0.0947148009  0.6790779034  0.1753906477  3564          0.0765201781 
0.9802828976  0.9719305764  0.9704243463  99.972222222  0.0932922244  0.0910465711  0.6607128382  0.0895969117  3599          0.0766503675 
